# unix_time, cycles_done, cur_path, paths_total, pending_total, pending_favs, map_size, unique_crashes, unique_hangs, max_depth, execs_per_sec, total_execs, edges_found
1638190525, 0, 11, 16, 16, 8, 17.79%, 0, 1, 1, 609.11, 642, 609
1638190531, 0, 11, 21, 21, 8, 18.31%, 0, 4, 2, 1.92, 855, 627
1638190537, 0, 11, 25, 25, 8, 18.40%, 0, 7, 2, 2.02, 1031, 630
1638190542, 0, 11, 28, 28, 8, 18.46%, 0, 10, 2, 70.85, 1165, 632
1638190547, 0, 11, 31, 31, 8, 18.66%, 0, 13, 2, 64.56, 1303, 639
1638190552, 0, 11, 34, 34, 8, 18.81%, 0, 16, 2, 63.93, 1436, 644
1638190557, 0, 11, 40, 40, 8, 18.84%, 0, 17, 2, 37.69, 1701, 645
1638190562, 0, 11, 43, 43, 8, 18.87%, 0, 19, 2, 4.28, 1861, 646
1638190568, 0, 11, 49, 49, 8, 18.95%, 0, 20, 2, 2.84, 2142, 649
1638190573, 0, 11, 52, 52, 8, 19.19%, 0, 22, 2, 63.29, 2301, 657
1638190578, 0, 11, 58, 58, 8, 19.19%, 0, 22, 2, 55.53, 2590, 657
1638190583, 0, 11, 62, 62, 8, 19.25%, 0, 23, 2, 33.85, 2801, 659
1638190589, 0, 11, 66, 66, 8, 19.25%, 0, 25, 2, 36.29, 2995, 659
1638190594, 0, 11, 69, 69, 8, 19.25%, 0, 27, 2, 3.51, 3177, 659
1638190599, 0, 11, 71, 71, 8, 19.25%, 0, 29, 2, 58.29, 3313, 659
1638190604, 0, 11, 72, 72, 8, 19.25%, 0, 31, 2, 25.00, 3435, 659
1638190610, 0, 11, 74, 74, 8, 19.25%, 0, 32, 2, 29.72, 3605, 659
1638190615, 0, 11, 76, 76, 8, 19.25%, 0, 34, 2, 24.00, 3747, 659
1638190620, 0, 11, 79, 79, 8, 19.28%, 0, 35, 2, 4.29, 3960, 660
1638190626, 0, 11, 82, 82, 8, 19.28%, 0, 36, 2, 32.47, 4158, 660
1638190631, 0, 11, 85, 85, 8, 19.36%, 0, 38, 2, 68.58, 4330, 663
1638190636, 0, 11, 86, 86, 8, 19.42%, 0, 38, 2, 42.64, 4514, 665
1638190641, 0, 11, 88, 88, 8, 19.42%, 0, 38, 2, 36.82, 4715, 665
1638190646, 0, 11, 89, 89, 8, 19.42%, 0, 40, 2, 10.40, 4839, 665
1638190652, 0, 11, 90, 90, 8, 19.48%, 0, 42, 2, 1.92, 4971, 667
1638190657, 0, 11, 90, 90, 8, 19.48%, 0, 43, 2, 8.16, 5104, 667
1638190662, 0, 11, 91, 91, 8, 19.48%, 0, 44, 2, 23.41, 5254, 667
1638190667, 0, 11, 92, 92, 8, 19.54%, 0, 44, 2, 31.22, 5440, 669
1638190672, 0, 11, 93, 93, 8, 19.54%, 0, 44, 2, 30.92, 5615, 669
1638190677, 0, 11, 94, 94, 8, 19.54%, 0, 44, 2, 30.44, 5789, 669
1638190682, 0, 11, 94, 94, 8, 19.54%, 0, 44, 2, 30.80, 5944, 669
1638190687, 0, 11, 95, 95, 8, 19.57%, 0, 44, 2, 31.52, 6118, 670
1638190692, 0, 11, 96, 96, 8, 19.63%, 0, 44, 2, 31.12, 6296, 672
1638190697, 0, 11, 97, 97, 8, 19.63%, 0, 44, 2, 29.94, 6474, 672
1638190702, 0, 11, 97, 97, 8, 19.63%, 0, 44, 2, 29.18, 6622, 672
1638190707, 0, 11, 98, 98, 8, 19.63%, 0, 44, 2, 32.04, 6810, 672
1638190713, 0, 11, 98, 98, 8, 19.63%, 0, 45, 2, 32.71, 6943, 672
1638190718, 0, 11, 98, 98, 8, 19.63%, 0, 45, 2, 32.31, 7107, 672
1638190723, 0, 11, 98, 98, 8, 19.63%, 0, 45, 2, 29.55, 7253, 672
1638190728, 0, 11, 99, 99, 8, 19.66%, 0, 45, 2, 33.48, 7437, 673
1638190733, 0, 11, 99, 99, 8, 19.66%, 0, 45, 2, 32.00, 7598, 673
1638190738, 0, 11, 100, 100, 8, 19.66%, 0, 46, 2, 31.67, 7750, 673
1638190743, 0, 11, 100, 100, 8, 19.66%, 0, 46, 2, 31.19, 7906, 673
1638190748, 0, 11, 100, 100, 8, 19.66%, 0, 46, 2, 30.98, 8062, 673
1638190753, 0, 11, 101, 101, 8, 19.66%, 0, 47, 2, 31.53, 8209, 673
1638190758, 0, 11, 101, 101, 8, 19.66%, 0, 47, 2, 31.36, 8373, 673
1638190763, 0, 11, 103, 103, 8, 19.66%, 0, 47, 2, 37.02, 8593, 673
1638190769, 0, 11, 103, 103, 8, 19.66%, 0, 48, 2, 25.90, 8718, 673
1638190774, 0, 11, 103, 103, 8, 19.66%, 0, 48, 2, 28.76, 8874, 673
1638190779, 0, 11, 103, 103, 8, 19.66%, 0, 49, 2, 32.77, 9011, 673
1638190784, 0, 11, 104, 104, 8, 19.66%, 0, 49, 2, 33.12, 9195, 673
1638190789, 0, 11, 105, 105, 8, 19.71%, 0, 49, 2, 32.15, 9374, 675
1638190794, 0, 11, 105, 105, 8, 19.71%, 0, 50, 2, 27.72, 9495, 675
1638190799, 0, 11, 105, 105, 8, 19.71%, 0, 51, 2, 28.82, 9622, 675
1638190805, 0, 11, 105, 105, 8, 19.71%, 0, 51, 2, 30.29, 9782, 675
1638190810, 0, 11, 106, 106, 8, 19.71%, 0, 51, 2, 32.07, 9968, 675
1638190815, 0, 11, 106, 106, 8, 19.71%, 0, 51, 2, 31.02, 10128, 675
1638190820, 0, 11, 106, 106, 8, 19.71%, 0, 52, 2, 29.35, 10255, 675
1638190825, 0, 11, 106, 106, 8, 19.71%, 0, 52, 2, 30.25, 10407, 675
1638190830, 0, 11, 106, 106, 8, 19.71%, 0, 52, 2, 29.49, 10560, 675
1638190835, 0, 11, 106, 106, 8, 19.71%, 0, 52, 2, 30.15, 10712, 675
1638190840, 0, 11, 107, 107, 8, 19.71%, 0, 52, 2, 30.07, 10886, 675
1638190846, 0, 11, 108, 108, 8, 20.12%, 0, 53, 2, 33.11, 11044, 689
1638190851, 0, 11, 108, 108, 8, 20.12%, 0, 53, 2, 30.62, 11196, 689
1638190856, 0, 11, 108, 108, 8, 20.12%, 0, 53, 2, 30.28, 11355, 689
1638190861, 0, 11, 108, 108, 8, 20.12%, 0, 54, 2, 29.54, 11479, 689
1638190866, 0, 11, 110, 110, 8, 20.15%, 0, 54, 2, 35.01, 11696, 690
1638190872, 0, 11, 110, 110, 8, 20.15%, 0, 54, 2, 30.70, 11852, 690
1638190877, 0, 11, 111, 111, 8, 20.18%, 0, 54, 2, 33.42, 12041, 691
1638190882, 0, 11, 111, 111, 8, 20.18%, 0, 54, 2, 31.64, 12202, 691
1638190887, 0, 11, 111, 111, 8, 20.18%, 0, 54, 2, 31.30, 12363, 691
1638190892, 0, 11, 111, 111, 8, 20.18%, 0, 54, 2, 31.03, 12521, 691
1638190897, 0, 11, 111, 111, 8, 20.18%, 0, 54, 2, 30.28, 12673, 691
1638190902, 0, 11, 111, 111, 8, 20.18%, 0, 54, 2, 30.57, 12832, 691
1638190908, 0, 11, 111, 111, 8, 20.18%, 0, 54, 2, 31.10, 12997, 691
1638190913, 0, 11, 112, 112, 8, 20.18%, 0, 54, 2, 31.71, 13179, 691
1638190918, 0, 11, 113, 113, 8, 20.30%, 0, 54, 2, 33.00, 13364, 695
1638190923, 0, 11, 113, 113, 8, 20.30%, 0, 54, 2, 31.95, 13524, 695
1638190928, 0, 11, 114, 114, 8, 20.30%, 0, 54, 2, 32.26, 13709, 695
1638190933, 0, 11, 115, 115, 8, 20.30%, 0, 54, 2, 33.07, 13895, 695
1638190938, 0, 11, 115, 115, 8, 20.30%, 0, 54, 2, 32.77, 14063, 695
1638190943, 0, 11, 115, 115, 8, 20.30%, 0, 54, 2, 32.24, 14227, 695
1638190949, 0, 11, 115, 115, 8, 20.30%, 0, 55, 2, 4.50, 14384, 695
1638190954, 0, 11, 115, 115, 8, 20.30%, 0, 55, 2, 33.58, 14559, 695
1638190959, 0, 11, 115, 115, 8, 20.30%, 0, 55, 2, 31.58, 14721, 695
1638190964, 0, 11, 115, 115, 8, 20.30%, 0, 55, 2, 29.81, 14868, 695
1638190969, 0, 11, 115, 115, 8, 20.30%, 0, 55, 2, 29.50, 15019, 695
1638190975, 0, 11, 115, 115, 8, 20.30%, 0, 55, 2, 30.24, 15174, 695
1638190980, 0, 11, 116, 116, 8, 20.33%, 0, 55, 2, 31.12, 15354, 696
1638190985, 0, 11, 116, 116, 8, 20.33%, 0, 55, 2, 32.46, 15525, 696
1638190990, 0, 11, 116, 116, 8, 20.33%, 0, 55, 2, 30.61, 15681, 696
1638190995, 0, 11, 118, 118, 8, 20.41%, 0, 55, 2, 30.73, 15857, 699
1638191000, 0, 11, 119, 119, 8, 20.44%, 0, 55, 2, 31.17, 16032, 700
1638191005, 0, 11, 119, 119, 8, 20.44%, 0, 56, 2, 32.60, 16158, 700
1638191010, 0, 11, 119, 119, 8, 20.44%, 0, 56, 2, 31.25, 16324, 700
1638191016, 0, 11, 119, 119, 8, 20.44%, 0, 56, 2, 32.91, 16496, 700
1638191021, 0, 11, 120, 120, 8, 20.50%, 0, 56, 2, 31.86, 16675, 702
1638191026, 0, 11, 120, 120, 8, 20.50%, 0, 57, 2, 26.82, 16801, 702
1638191031, 0, 11, 121, 121, 8, 20.53%, 0, 57, 2, 32.05, 16986, 703
1638191036, 0, 11, 121, 121, 8, 20.53%, 0, 58, 2, 21.62, 17106, 703
1638191041, 0, 11, 121, 121, 8, 20.53%, 0, 58, 2, 28.42, 17259, 703
1638191046, 0, 11, 121, 121, 8, 20.53%, 0, 58, 2, 29.80, 17417, 703
1638191051, 0, 11, 121, 121, 8, 20.53%, 0, 59, 2, 28.35, 17540, 703
1638191057, 0, 11, 121, 121, 8, 20.53%, 0, 59, 2, 30.82, 17703, 703
1638191062, 0, 11, 121, 121, 8, 20.53%, 0, 59, 2, 30.09, 17862, 703
1638191067, 0, 11, 121, 121, 8, 20.53%, 0, 59, 2, 30.69, 18024, 703
1638191072, 0, 11, 121, 121, 8, 20.53%, 0, 59, 2, 30.44, 18180, 703
1638191077, 0, 11, 121, 121, 8, 20.53%, 0, 59, 2, 32.40, 18348, 703
1638191082, 0, 11, 121, 121, 8, 20.53%, 0, 59, 2, 30.35, 18503, 703
1638191087, 0, 11, 121, 121, 8, 20.53%, 0, 59, 2, 28.65, 18648, 703
1638191093, 0, 11, 121, 121, 8, 20.53%, 0, 59, 2, 28.29, 18790, 703
1638191098, 0, 11, 121, 121, 8, 20.53%, 0, 60, 2, 1.92, 18921, 703
1638191103, 0, 11, 121, 121, 8, 20.53%, 0, 60, 2, 27.78, 19071, 703
1638191108, 0, 11, 121, 121, 8, 20.53%, 0, 60, 2, 31.01, 19232, 703
1638191113, 0, 11, 122, 122, 8, 20.56%, 0, 60, 2, 32.00, 19416, 704
1638191118, 0, 11, 123, 123, 8, 20.56%, 0, 60, 2, 31.74, 19586, 704
1638191123, 0, 11, 123, 123, 8, 20.56%, 0, 60, 2, 29.54, 19732, 704
1638191128, 0, 11, 123, 123, 8, 20.56%, 0, 60, 2, 29.53, 19885, 704
1638191134, 0, 11, 123, 123, 8, 20.56%, 0, 60, 2, 31.50, 20047, 704
1638191139, 0, 11, 125, 125, 8, 20.56%, 0, 60, 2, 32.67, 20250, 704
1638191144, 0, 11, 125, 125, 8, 20.56%, 0, 60, 2, 30.73, 20408, 704
1638191149, 0, 11, 125, 125, 8, 20.56%, 0, 60, 2, 28.72, 20557, 704
1638191154, 0, 11, 125, 125, 8, 20.56%, 0, 60, 2, 30.41, 20723, 704
1638191159, 0, 11, 125, 125, 8, 20.56%, 0, 60, 2, 31.50, 20881, 704
1638191164, 0, 11, 125, 125, 8, 20.56%, 0, 60, 2, 29.37, 21024, 704
1638191170, 0, 11, 125, 125, 8, 20.56%, 0, 60, 2, 31.91, 21189, 704
1638191176, 0, 11, 125, 125, 8, 20.56%, 0, 61, 2, 4.37, 21345, 704
1638191181, 0, 11, 125, 125, 8, 20.56%, 0, 61, 2, 29.88, 21503, 704
1638191186, 0, 11, 127, 127, 8, 20.59%, 0, 61, 2, 32.86, 21702, 705
1638191191, 0, 106, 127, 126, 34, 20.59%, 0, 61, 2, 29.50, 21850, 705
1638191196, 0, 106, 128, 127, 34, 20.59%, 0, 62, 3, 29.05, 21995, 705
1638191201, 0, 106, 129, 128, 34, 20.59%, 0, 62, 3, 31.25, 22171, 705
1638191207, 0, 0, 132, 130, 33, 20.59%, 0, 63, 3, 30.22, 22374, 705
1638191212, 0, 0, 135, 133, 33, 20.62%, 0, 63, 3, 31.44, 22593, 706
1638191217, 0, 0, 136, 134, 33, 20.62%, 0, 63, 3, 29.96, 22766, 706
1638191222, 0, 0, 137, 135, 33, 20.62%, 0, 64, 3, 30.67, 22914, 706
1638191228, 0, 0, 137, 135, 33, 20.62%, 0, 65, 3, 32.01, 23032, 706
1638191233, 0, 0, 137, 135, 33, 20.62%, 0, 66, 3, 32.64, 23162, 706
1638191238, 0, 0, 138, 136, 33, 20.62%, 0, 66, 3, 32.10, 23337, 706
1638191243, 0, 0, 139, 137, 33, 20.62%, 0, 66, 3, 30.52, 23506, 706
1638191248, 0, 0, 139, 137, 33, 20.62%, 0, 66, 3, 27.91, 23652, 706
1638191253, 0, 0, 141, 139, 33, 20.62%, 0, 66, 3, 29.98, 23845, 706
1638191258, 0, 0, 142, 140, 33, 20.62%, 0, 66, 3, 30.98, 24023, 706
1638191263, 0, 0, 143, 141, 33, 20.62%, 0, 66, 3, 30.97, 24198, 706
1638191268, 0, 0, 143, 141, 33, 20.62%, 0, 66, 3, 30.07, 24347, 706
1638191274, 0, 0, 143, 141, 33, 20.62%, 0, 66, 3, 31.01, 24515, 706
1638191279, 0, 0, 143, 141, 33, 20.62%, 0, 66, 3, 30.76, 24667, 706
1638191284, 0, 0, 143, 141, 33, 20.62%, 0, 66, 3, 30.77, 24825, 706
1638191289, 0, 0, 144, 142, 33, 20.65%, 0, 66, 3, 33.21, 25011, 707
1638191294, 0, 0, 144, 142, 33, 20.65%, 0, 66, 3, 31.68, 25168, 707
1638191299, 0, 0, 144, 142, 33, 20.65%, 0, 66, 3, 29.94, 25322, 707
1638191304, 0, 0, 144, 142, 33, 20.65%, 0, 66, 3, 30.72, 25478, 707
1638191309, 0, 0, 144, 142, 33, 20.65%, 0, 66, 3, 29.79, 25634, 707
1638191315, 0, 0, 144, 142, 33, 20.65%, 0, 68, 3, 5.04, 25753, 707
1638191320, 0, 0, 144, 142, 33, 20.65%, 0, 68, 3, 23.50, 25900, 707
1638191326, 0, 0, 144, 142, 33, 20.65%, 0, 68, 3, 27.23, 26047, 707
1638191331, 0, 0, 145, 143, 33, 20.65%, 0, 68, 3, 29.77, 26218, 707
1638191336, 0, 0, 145, 143, 33, 20.65%, 0, 68, 3, 28.21, 26361, 707
1638191341, 0, 0, 145, 143, 33, 20.65%, 0, 68, 3, 29.30, 26509, 707
1638191346, 0, 0, 146, 144, 33, 20.65%, 0, 68, 3, 30.92, 26690, 707
1638191351, 0, 0, 146, 144, 33, 20.65%, 0, 68, 3, 29.03, 26838, 707
1638191356, 0, 0, 146, 144, 33, 20.65%, 0, 68, 3, 29.08, 26983, 707
1638191361, 0, 0, 147, 145, 33, 20.71%, 0, 68, 3, 31.09, 27163, 709
1638191367, 0, 0, 147, 145, 33, 20.71%, 0, 68, 3, 30.46, 27324, 709
1638191372, 0, 0, 147, 145, 33, 20.71%, 0, 68, 3, 29.68, 27478, 709
1638191377, 0, 0, 147, 145, 33, 20.71%, 0, 68, 3, 30.47, 27630, 709
1638191382, 0, 0, 147, 145, 33, 20.71%, 0, 68, 3, 30.25, 27783, 709
1638191387, 0, 0, 147, 145, 33, 20.71%, 0, 68, 3, 31.41, 27949, 709
1638191392, 0, 0, 147, 145, 33, 20.71%, 0, 68, 3, 29.95, 28099, 709
1638191397, 0, 0, 147, 145, 33, 20.71%, 0, 68, 3, 30.22, 28255, 709
1638191402, 0, 0, 147, 145, 33, 20.71%, 0, 68, 3, 28.74, 28398, 709
1638191407, 0, 0, 147, 145, 33, 20.71%, 0, 68, 3, 29.32, 28546, 709
1638191412, 0, 0, 148, 146, 33, 20.71%, 0, 68, 3, 31.69, 28734, 709
1638191418, 0, 0, 148, 146, 33, 20.71%, 0, 68, 3, 28.42, 28880, 709
1638191423, 0, 0, 148, 146, 33, 20.71%, 0, 68, 3, 25.19, 29006, 709
1638191428, 0, 0, 148, 146, 33, 20.71%, 0, 68, 3, 24.58, 29129, 709
1638191433, 0, 0, 148, 146, 33, 20.71%, 0, 68, 3, 24.42, 29252, 709
1638191438, 0, 0, 148, 146, 33, 20.71%, 0, 68, 3, 24.54, 29375, 709
1638191443, 0, 0, 148, 146, 33, 20.71%, 0, 69, 3, 24.37, 29475, 709
1638191448, 0, 0, 148, 146, 33, 20.71%, 0, 69, 3, 24.36, 29597, 709
1638191453, 0, 0, 148, 146, 33, 20.71%, 0, 69, 3, 24.20, 29722, 709
1638191458, 0, 0, 148, 146, 33, 20.71%, 0, 69, 3, 24.36, 29844, 709
1638191463, 0, 0, 148, 146, 33, 20.71%, 0, 69, 3, 24.50, 29968, 709
1638191468, 0, 0, 148, 146, 33, 20.71%, 0, 69, 3, 24.25, 30094, 709
1638191473, 0, 0, 148, 146, 33, 20.71%, 0, 69, 3, 24.31, 30216, 709
1638191478, 0, 0, 148, 146, 33, 20.71%, 0, 69, 3, 24.19, 30341, 709
1638191484, 0, 0, 148, 146, 33, 20.71%, 0, 69, 3, 24.23, 30463, 709
1638191489, 0, 0, 148, 146, 33, 20.71%, 0, 69, 3, 24.23, 30588, 709
1638191494, 0, 0, 148, 146, 33, 20.71%, 0, 69, 3, 24.29, 30710, 709
1638191499, 0, 0, 148, 146, 33, 20.71%, 0, 69, 3, 24.20, 30836, 709
1638191504, 0, 0, 148, 146, 33, 20.71%, 0, 69, 3, 24.25, 30961, 709
1638191509, 0, 0, 148, 146, 33, 20.71%, 0, 69, 3, 24.52, 31085, 709
1638191514, 0, 0, 148, 146, 33, 20.71%, 0, 69, 3, 24.37, 31207, 709
1638191519, 0, 0, 148, 146, 33, 20.71%, 0, 70, 3, 24.21, 31305, 709
1638191524, 0, 0, 148, 146, 33, 20.71%, 0, 70, 3, 24.11, 31430, 709
1638191529, 0, 0, 148, 146, 33, 20.71%, 0, 70, 3, 24.25, 31552, 709
1638191534, 0, 0, 148, 146, 33, 20.71%, 0, 70, 3, 24.30, 31674, 709
1638191540, 0, 0, 148, 146, 33, 20.71%, 0, 70, 3, 24.22, 31800, 709
1638191545, 0, 0, 148, 146, 33, 20.71%, 0, 70, 3, 24.38, 31922, 709
1638191550, 0, 0, 148, 146, 33, 20.71%, 0, 70, 3, 24.30, 32048, 709
1638191555, 0, 0, 148, 146, 33, 20.71%, 0, 70, 3, 24.44, 32171, 709
1638191560, 0, 0, 148, 146, 33, 20.71%, 0, 70, 3, 27.36, 32310, 709
1638191565, 0, 0, 148, 146, 33, 20.71%, 0, 70, 3, 25.08, 32438, 709
1638191570, 0, 0, 148, 146, 33, 20.71%, 0, 70, 3, 24.59, 32565, 709
1638191575, 0, 0, 148, 146, 33, 20.71%, 0, 70, 3, 24.82, 32693, 709
1638191580, 0, 0, 148, 146, 33, 20.71%, 0, 70, 3, 24.48, 32816, 709
1638191586, 0, 0, 148, 146, 33, 20.71%, 0, 70, 3, 24.59, 32943, 709
1638191591, 0, 0, 148, 146, 33, 20.71%, 0, 70, 3, 24.24, 33064, 709
1638191596, 0, 0, 148, 146, 33, 20.71%, 0, 70, 3, 24.53, 33188, 709
1638191601, 0, 0, 148, 146, 33, 20.71%, 0, 70, 3, 24.15, 33313, 709
1638191606, 0, 0, 148, 146, 33, 20.71%, 0, 70, 3, 24.23, 33434, 709
1638191611, 0, 0, 148, 146, 33, 20.71%, 0, 70, 3, 24.13, 33555, 709
1638191616, 0, 0, 148, 146, 33, 20.71%, 0, 70, 3, 24.40, 33678, 709
1638191621, 0, 0, 148, 146, 33, 20.71%, 0, 70, 3, 24.56, 33802, 709
1638191626, 0, 0, 148, 146, 33, 20.71%, 0, 70, 3, 24.51, 33925, 709
1638191631, 0, 0, 148, 146, 33, 20.71%, 0, 70, 3, 24.36, 34047, 709
1638191636, 0, 0, 148, 146, 33, 20.71%, 0, 70, 3, 24.33, 34170, 709
1638191641, 0, 0, 148, 146, 33, 20.71%, 0, 70, 3, 24.37, 34296, 709
1638191646, 0, 0, 148, 146, 33, 20.71%, 0, 70, 3, 24.26, 34418, 709
1638191651, 0, 0, 148, 146, 33, 20.71%, 0, 70, 3, 24.08, 34539, 709
1638191656, 0, 0, 148, 146, 33, 20.71%, 0, 70, 3, 24.25, 34661, 709
1638191661, 0, 0, 148, 146, 33, 20.71%, 0, 70, 3, 24.21, 34782, 709
1638191666, 0, 0, 148, 146, 33, 20.71%, 0, 70, 3, 24.17, 34907, 709
1638191672, 0, 0, 148, 146, 33, 20.71%, 0, 70, 3, 24.54, 35032, 709
1638191677, 0, 0, 148, 146, 33, 20.71%, 0, 70, 3, 25.78, 35167, 709
1638191682, 0, 0, 148, 146, 33, 20.71%, 0, 70, 3, 24.71, 35293, 709
1638191687, 0, 0, 148, 146, 33, 20.71%, 0, 70, 3, 24.53, 35420, 709
1638191692, 0, 0, 148, 146, 33, 20.71%, 0, 71, 3, 23.35, 35529, 709
1638191697, 0, 0, 148, 146, 33, 20.71%, 0, 71, 3, 24.23, 35654, 709
1638191703, 0, 0, 148, 146, 33, 20.71%, 0, 71, 3, 24.56, 35781, 709
1638191708, 0, 0, 148, 146, 33, 20.71%, 0, 71, 3, 24.49, 35906, 709
1638191713, 0, 107, 149, 146, 32, 20.71%, 0, 71, 3, 26.97, 36072, 709
1638191718, 0, 107, 149, 146, 32, 20.71%, 0, 71, 3, 32.99, 36251, 709
1638191723, 0, 107, 149, 146, 32, 20.71%, 0, 71, 3, 30.40, 36406, 709
1638191729, 0, 107, 149, 146, 32, 20.71%, 0, 71, 3, 29.57, 36551, 709
1638191734, 0, 81, 149, 145, 34, 20.71%, 0, 71, 3, 36.30, 36737, 709
1638191739, 0, 81, 151, 147, 34, 20.71%, 0, 71, 3, 35.38, 36954, 709
1638191744, 0, 111, 152, 147, 33, 20.74%, 0, 71, 3, 34.20, 37135, 710
1638191749, 0, 111, 152, 147, 33, 20.74%, 0, 71, 3, 32.25, 37295, 710
1638191754, 0, 111, 152, 147, 33, 20.74%, 0, 71, 3, 31.34, 37455, 710
1638191759, 0, 111, 152, 147, 33, 20.74%, 0, 71, 3, 26.31, 37582, 710
1638191764, 0, 98, 152, 146, 33, 20.74%, 0, 71, 3, 29.61, 37741, 710
1638191769, 0, 98, 153, 147, 33, 20.74%, 0, 71, 3, 31.82, 37918, 710
1638191775, 0, 119, 153, 146, 32, 20.74%, 0, 72, 3, 28.46, 38056, 710
1638191781, 0, 119, 153, 146, 32, 20.74%, 0, 73, 3, 28.92, 38203, 710
1638191786, 0, 119, 153, 146, 32, 20.74%, 0, 73, 3, 29.91, 38361, 710
1638191791, 0, 32, 153, 145, 31, 20.74%, 0, 73, 3, 29.25, 38510, 710
1638191796, 0, 32, 153, 145, 31, 20.74%, 0, 73, 3, 29.51, 38658, 710
1638191801, 0, 9, 154, 145, 30, 20.74%, 0, 74, 3, 4.59, 38810, 710
1638191806, 0, 9, 154, 145, 30, 20.74%, 0, 75, 3, 26.64, 38924, 710
1638191811, 0, 9, 155, 146, 30, 20.74%, 0, 76, 3, 29.64, 39071, 710
1638191816, 0, 9, 156, 147, 30, 20.74%, 0, 76, 3, 32.19, 39251, 710
1638191821, 0, 9, 157, 148, 30, 20.74%, 0, 76, 3, 32.90, 39431, 710
1638191828, 0, 9, 157, 148, 30, 20.74%, 0, 77, 3, 5.67, 39602, 710
1638191833, 0, 9, 158, 149, 30, 20.77%, 0, 77, 3, 42.01, 39782, 711
1638191838, 0, 9, 159, 150, 30, 20.77%, 0, 77, 3, 35.91, 39968, 711
1638191843, 0, 9, 159, 150, 30, 20.77%, 0, 77, 3, 30.55, 40121, 711
1638191848, 0, 9, 159, 150, 30, 20.77%, 0, 77, 3, 29.96, 40272, 711
1638191853, 0, 9, 159, 150, 30, 20.77%, 0, 78, 3, 30.40, 40405, 711
1638191859, 0, 9, 159, 150, 30, 20.77%, 0, 78, 3, 31.06, 40566, 711
1638191864, 0, 9, 159, 150, 30, 20.77%, 0, 78, 3, 29.51, 40717, 711
1638191869, 0, 9, 160, 151, 30, 20.77%, 0, 78, 3, 32.24, 40908, 711
1638191874, 0, 9, 160, 151, 30, 20.77%, 0, 78, 3, 31.38, 41063, 711
1638191879, 0, 9, 161, 152, 30, 20.77%, 0, 78, 3, 32.74, 41240, 711
1638191884, 0, 9, 161, 152, 30, 20.77%, 0, 78, 3, 29.99, 41386, 711
1638191889, 0, 9, 161, 152, 30, 20.77%, 0, 78, 3, 29.46, 41535, 711
1638191894, 0, 9, 162, 153, 30, 20.77%, 0, 78, 3, 32.26, 41713, 711
1638191899, 0, 9, 162, 153, 30, 20.77%, 0, 78, 3, 31.53, 41867, 711
1638191905, 0, 9, 162, 153, 30, 20.77%, 0, 78, 3, 29.53, 42013, 711
1638191910, 0, 9, 162, 153, 30, 20.77%, 0, 78, 3, 31.05, 42176, 711
1638191915, 0, 9, 162, 153, 30, 20.77%, 0, 78, 3, 32.20, 42346, 711
1638191920, 0, 9, 162, 153, 30, 20.77%, 0, 78, 3, 31.54, 42503, 711
1638191925, 0, 9, 163, 154, 30, 20.79%, 0, 78, 3, 32.73, 42685, 712
1638191930, 0, 9, 163, 154, 30, 20.79%, 0, 78, 3, 31.63, 42847, 712
1638191935, 0, 9, 163, 154, 30, 20.79%, 0, 78, 3, 32.50, 43013, 712
1638191941, 0, 9, 163, 154, 30, 20.79%, 0, 78, 3, 32.26, 43178, 712
1638191946, 0, 9, 163, 154, 30, 20.79%, 0, 78, 3, 30.68, 43337, 712
1638191951, 0, 9, 163, 154, 30, 20.79%, 0, 78, 3, 30.71, 43493, 712
1638191956, 0, 9, 164, 155, 30, 20.82%, 0, 78, 3, 33.77, 43688, 713
1638191961, 0, 9, 164, 155, 30, 20.82%, 0, 78, 3, 31.20, 43845, 713
1638191966, 0, 9, 164, 155, 30, 20.82%, 0, 78, 3, 30.75, 43998, 713
1638191971, 0, 9, 164, 155, 30, 20.82%, 0, 78, 3, 30.11, 44153, 713
1638191977, 0, 9, 164, 155, 30, 20.82%, 0, 78, 3, 29.53, 44305, 713
1638191982, 0, 9, 164, 155, 30, 20.82%, 0, 78, 3, 30.47, 44463, 713
1638191987, 0, 9, 164, 155, 30, 20.82%, 0, 78, 3, 30.48, 44617, 713
1638191992, 0, 9, 164, 155, 30, 20.82%, 0, 78, 3, 32.87, 44788, 713
1638191997, 0, 9, 164, 155, 30, 20.82%, 0, 78, 3, 31.64, 44949, 713
1638192002, 0, 9, 164, 155, 30, 20.82%, 0, 78, 3, 31.27, 45112, 713
1638192007, 0, 9, 164, 155, 30, 20.82%, 0, 78, 3, 32.28, 45273, 713
1638192012, 0, 9, 164, 155, 30, 20.82%, 0, 78, 3, 30.63, 45425, 713
1638192017, 0, 9, 164, 155, 30, 20.82%, 0, 78, 3, 30.77, 45581, 713
1638192022, 0, 9, 164, 155, 30, 20.82%, 0, 78, 3, 30.18, 45733, 713
1638192028, 0, 9, 164, 155, 30, 20.82%, 0, 78, 3, 29.27, 45881, 713
1638192033, 0, 9, 164, 155, 30, 20.82%, 0, 79, 3, 32.94, 46007, 713
1638192038, 0, 9, 164, 155, 30, 20.82%, 0, 79, 3, 31.19, 46164, 713
1638192043, 0, 9, 164, 155, 30, 20.82%, 0, 79, 3, 29.27, 46315, 713
1638192048, 0, 9, 164, 155, 30, 20.82%, 0, 79, 3, 30.99, 46469, 713
1638192053, 0, 9, 164, 155, 30, 20.82%, 0, 79, 3, 29.18, 46619, 713
1638192059, 0, 9, 164, 155, 30, 20.82%, 0, 79, 3, 32.02, 46787, 713
1638192064, 0, 9, 164, 155, 30, 20.82%, 0, 79, 3, 30.02, 46936, 713
1638192069, 0, 9, 164, 155, 30, 20.82%, 0, 79, 3, 28.89, 47079, 713
1638192074, 0, 9, 164, 155, 30, 20.82%, 0, 79, 3, 29.24, 47233, 713
1638192079, 0, 9, 164, 155, 30, 20.82%, 0, 79, 3, 31.01, 47393, 713
1638192084, 0, 9, 164, 155, 30, 20.82%, 0, 79, 3, 30.75, 47550, 713
1638192089, 0, 9, 164, 155, 30, 20.82%, 0, 79, 3, 29.50, 47700, 713
1638192094, 0, 9, 164, 155, 30, 20.82%, 0, 79, 3, 30.09, 47853, 713
1638192099, 0, 9, 164, 155, 30, 20.82%, 0, 79, 3, 31.13, 48013, 713
1638192104, 0, 9, 164, 155, 30, 20.82%, 0, 79, 3, 30.29, 48165, 713
1638192110, 0, 9, 164, 155, 30, 20.82%, 0, 79, 3, 31.26, 48325, 713
1638192115, 0, 9, 164, 155, 30, 20.82%, 0, 79, 3, 30.29, 48478, 713
1638192120, 0, 9, 164, 155, 30, 20.82%, 0, 79, 3, 29.50, 48629, 713
1638192125, 0, 9, 164, 155, 30, 20.82%, 0, 79, 3, 28.29, 48778, 713
1638192130, 0, 9, 164, 155, 30, 20.82%, 0, 79, 3, 31.51, 48944, 713
1638192135, 0, 9, 164, 155, 30, 20.82%, 0, 79, 3, 31.50, 49105, 713
1638192141, 0, 9, 165, 156, 30, 20.82%, 0, 79, 3, 32.68, 49303, 713
1638192146, 0, 9, 165, 156, 30, 20.82%, 0, 79, 3, 29.60, 49452, 713
1638192151, 0, 9, 165, 156, 30, 20.82%, 0, 79, 3, 30.28, 49606, 713
1638192156, 0, 9, 165, 156, 30, 20.82%, 0, 79, 3, 29.56, 49758, 713
1638192161, 0, 9, 165, 156, 30, 20.82%, 0, 79, 3, 29.69, 49912, 713
1638192166, 0, 9, 165, 156, 30, 20.82%, 0, 79, 3, 28.34, 50054, 713
1638192172, 0, 9, 165, 156, 30, 20.82%, 0, 79, 3, 30.31, 50212, 713
1638192177, 0, 9, 165, 156, 30, 20.82%, 0, 79, 3, 31.41, 50372, 713
1638192182, 0, 9, 165, 156, 30, 20.82%, 0, 79, 3, 30.85, 50532, 713
1638192187, 0, 9, 165, 156, 30, 20.82%, 0, 79, 3, 30.49, 50685, 713
1638192192, 0, 9, 165, 156, 30, 20.82%, 0, 79, 3, 30.11, 50840, 713
1638192197, 0, 9, 165, 156, 30, 20.82%, 0, 79, 3, 30.23, 50996, 713
1638192202, 0, 9, 165, 156, 30, 20.82%, 0, 79, 3, 31.86, 51156, 713
1638192207, 0, 9, 165, 156, 30, 20.82%, 0, 79, 3, 30.69, 51314, 713
1638192213, 0, 9, 165, 156, 30, 20.82%, 0, 79, 3, 31.21, 51472, 713
1638192218, 0, 9, 165, 156, 30, 20.82%, 0, 79, 3, 30.42, 51625, 713
1638192223, 0, 9, 165, 156, 30, 20.82%, 0, 79, 3, 31.09, 51779, 713
1638192228, 0, 9, 165, 156, 30, 20.82%, 0, 79, 3, 31.26, 51944, 713
1638192233, 0, 9, 165, 156, 30, 20.82%, 0, 79, 3, 31.84, 52111, 713
1638192238, 0, 9, 166, 157, 30, 20.85%, 0, 79, 3, 30.36, 52283, 714
1638192243, 0, 9, 166, 157, 30, 20.85%, 0, 79, 3, 30.40, 52441, 714
1638192249, 0, 9, 166, 157, 30, 20.85%, 0, 79, 3, 29.99, 52597, 714
1638192254, 0, 9, 166, 157, 30, 20.85%, 0, 79, 3, 30.60, 52751, 714
1638192259, 0, 9, 166, 157, 30, 20.85%, 0, 79, 3, 30.81, 52909, 714
1638192264, 0, 9, 166, 157, 30, 20.85%, 0, 79, 3, 30.07, 53066, 714
1638192269, 0, 9, 166, 157, 30, 20.85%, 0, 79, 3, 30.29, 53224, 714
1638192274, 0, 9, 166, 157, 30, 20.85%, 0, 79, 3, 29.79, 53380, 714
1638192279, 0, 9, 166, 157, 30, 20.85%, 0, 79, 3, 30.91, 53542, 714
1638192285, 0, 9, 166, 157, 30, 20.85%, 0, 79, 3, 30.66, 53701, 714
1638192290, 0, 9, 166, 157, 30, 20.85%, 0, 79, 3, 30.51, 53863, 714
1638192295, 0, 9, 166, 157, 30, 20.85%, 0, 79, 3, 30.64, 54022, 714
1638192300, 0, 9, 166, 157, 30, 20.85%, 0, 79, 3, 30.23, 54173, 714
1638192305, 0, 9, 166, 157, 30, 20.85%, 0, 79, 3, 30.18, 54331, 714
1638192310, 0, 9, 166, 157, 30, 20.85%, 0, 79, 3, 29.35, 54481, 714
1638192315, 0, 9, 166, 157, 30, 20.85%, 0, 79, 3, 29.43, 54631, 714
1638192320, 0, 9, 166, 157, 30, 20.85%, 0, 79, 3, 29.87, 54783, 714
1638192325, 0, 9, 166, 157, 30, 20.85%, 0, 79, 3, 30.43, 54934, 714
1638192331, 0, 9, 166, 157, 30, 20.85%, 0, 79, 3, 31.67, 55096, 714
1638192336, 0, 9, 166, 157, 30, 20.85%, 0, 79, 3, 31.13, 55252, 714
1638192341, 0, 9, 166, 157, 30, 20.85%, 0, 79, 3, 30.36, 55408, 714
1638192346, 0, 9, 166, 157, 30, 20.85%, 0, 79, 3, 29.79, 55562, 714
1638192351, 0, 9, 166, 157, 30, 20.85%, 0, 79, 3, 30.69, 55720, 714
1638192356, 0, 9, 166, 157, 30, 20.85%, 0, 79, 3, 31.02, 55881, 714
1638192361, 0, 109, 166, 156, 32, 20.85%, 0, 79, 3, 31.68, 56045, 714
1638192367, 0, 109, 170, 160, 32, 20.91%, 0, 79, 3, 35.10, 56295, 716
1638192372, 0, 109, 174, 164, 32, 20.91%, 0, 79, 3, 37.32, 56538, 716
1638192377, 0, 109, 174, 164, 32, 20.91%, 0, 79, 3, 31.46, 56687, 716
1638192382, 0, 109, 175, 165, 32, 20.91%, 0, 79, 3, 30.91, 56861, 716
1638192387, 0, 109, 175, 165, 32, 20.91%, 0, 79, 3, 29.44, 57012, 716
1638192393, 0, 109, 175, 165, 32, 20.91%, 0, 79, 3, 31.63, 57176, 716
1638192398, 0, 109, 175, 165, 32, 20.91%, 0, 79, 3, 30.60, 57330, 716
1638192403, 0, 109, 176, 166, 32, 20.91%, 0, 79, 3, 29.65, 57496, 716
1638192408, 0, 109, 176, 166, 32, 20.91%, 0, 79, 3, 25.62, 57620, 716
1638192413, 0, 109, 176, 166, 32, 20.91%, 0, 79, 3, 24.75, 57743, 716
1638192418, 0, 109, 176, 166, 32, 20.91%, 0, 79, 3, 24.37, 57869, 716
1638192423, 0, 109, 176, 166, 32, 20.91%, 0, 79, 3, 24.26, 57995, 716
1638192428, 0, 109, 176, 166, 32, 20.91%, 0, 79, 3, 24.63, 58125, 716
1638192434, 0, 109, 176, 166, 32, 20.91%, 0, 79, 3, 24.37, 58249, 716
1638192439, 0, 109, 176, 166, 32, 20.91%, 0, 79, 3, 25.94, 58384, 716
1638192444, 0, 109, 176, 166, 32, 20.91%, 0, 79, 3, 25.27, 58509, 716
1638192449, 0, 109, 176, 166, 32, 20.91%, 0, 79, 3, 32.69, 58679, 716
1638192454, 0, 123, 177, 166, 32, 20.91%, 0, 79, 3, 33.12, 58863, 716
1638192459, 0, 123, 178, 167, 32, 20.91%, 0, 79, 3, 32.12, 59038, 716
1638192464, 0, 123, 180, 169, 32, 20.97%, 0, 79, 3, 34.99, 59250, 718
1638192469, 0, 123, 181, 170, 32, 20.97%, 0, 79, 3, 32.68, 59425, 718
1638192474, 0, 123, 182, 171, 32, 21.00%, 0, 79, 3, 32.33, 59600, 719
1638192479, 0, 123, 182, 171, 32, 21.00%, 0, 79, 3, 31.44, 59766, 719
1638192485, 0, 123, 182, 171, 32, 21.00%, 0, 79, 3, 30.48, 59925, 719
1638192490, 0, 123, 182, 171, 32, 21.00%, 0, 79, 3, 29.55, 60077, 719
1638192495, 0, 123, 182, 171, 32, 21.00%, 0, 79, 3, 31.04, 60236, 719
1638192500, 0, 123, 182, 171, 32, 21.00%, 0, 79, 3, 28.81, 60381, 719
1638192505, 0, 123, 182, 171, 32, 21.00%, 0, 79, 3, 29.33, 60529, 719
1638192510, 0, 123, 183, 172, 32, 21.00%, 0, 79, 3, 30.49, 60699, 719
1638192515, 0, 123, 184, 173, 32, 21.00%, 0, 79, 3, 32.17, 60884, 719
1638192521, 0, 123, 184, 173, 32, 21.00%, 0, 80, 3, 4.28, 61056, 719
1638192526, 0, 123, 184, 173, 32, 21.00%, 0, 80, 3, 30.61, 61215, 719
1638192531, 0, 123, 184, 173, 32, 21.00%, 0, 80, 3, 30.21, 61368, 719
1638192537, 0, 123, 184, 173, 32, 21.00%, 0, 80, 3, 30.01, 61517, 719
1638192542, 0, 123, 185, 174, 32, 21.03%, 0, 80, 3, 32.15, 61699, 720
1638192547, 0, 123, 185, 174, 32, 21.03%, 0, 80, 3, 29.82, 61848, 720
1638192552, 0, 123, 185, 174, 32, 21.03%, 0, 80, 3, 30.24, 62000, 720
1638192557, 0, 123, 185, 174, 32, 21.03%, 0, 80, 3, 30.21, 62152, 720
1638192562, 0, 123, 186, 175, 32, 21.03%, 0, 80, 3, 33.07, 62338, 720
1638192567, 0, 123, 186, 175, 32, 21.03%, 0, 80, 3, 30.87, 62493, 720
1638192572, 0, 123, 186, 175, 32, 21.03%, 0, 80, 3, 30.57, 62652, 720
1638192577, 0, 123, 186, 175, 32, 21.03%, 0, 80, 3, 30.48, 62804, 720
1638192582, 0, 123, 186, 175, 32, 21.03%, 0, 80, 3, 29.67, 62950, 720
1638192588, 0, 123, 188, 177, 32, 21.03%, 0, 80, 3, 33.32, 63157, 720
1638192593, 0, 123, 188, 177, 32, 21.03%, 0, 80, 3, 31.77, 63311, 720
1638192598, 0, 123, 189, 178, 32, 21.06%, 0, 80, 3, 30.72, 63487, 721
1638192603, 0, 123, 189, 178, 32, 21.06%, 0, 80, 3, 31.80, 63647, 721
1638192608, 0, 123, 189, 178, 32, 21.06%, 0, 80, 3, 30.03, 63795, 721
1638192613, 0, 123, 189, 178, 32, 21.06%, 0, 80, 3, 31.40, 63955, 721
1638192618, 0, 123, 189, 178, 32, 21.06%, 0, 80, 3, 31.26, 64110, 721
1638192623, 0, 123, 190, 179, 32, 21.06%, 0, 80, 3, 31.64, 64285, 721
1638192628, 0, 123, 190, 179, 32, 21.06%, 0, 80, 3, 30.86, 64447, 721
1638192634, 0, 123, 190, 179, 32, 21.06%, 0, 80, 3, 31.39, 64608, 721
1638192639, 0, 123, 190, 179, 32, 21.06%, 0, 80, 3, 30.42, 64763, 721
1638192644, 0, 123, 190, 179, 32, 21.06%, 0, 80, 3, 32.80, 64926, 721
1638192649, 0, 123, 190, 179, 32, 21.06%, 0, 80, 3, 31.66, 65081, 721
1638192654, 0, 123, 190, 179, 32, 21.06%, 0, 80, 3, 33.30, 65249, 721
1638192659, 0, 123, 190, 179, 32, 21.06%, 0, 80, 3, 31.65, 65414, 721
1638192664, 0, 123, 190, 179, 32, 21.06%, 0, 80, 3, 32.52, 65581, 721
1638192669, 0, 123, 190, 179, 32, 21.06%, 0, 80, 3, 29.71, 65733, 721
1638192674, 0, 123, 190, 179, 32, 21.06%, 0, 80, 3, 31.10, 65895, 721
1638192680, 0, 123, 190, 179, 32, 21.06%, 0, 81, 3, 25.50, 66020, 721
1638192685, 0, 123, 190, 179, 32, 21.06%, 0, 81, 3, 28.29, 66170, 721
1638192690, 0, 123, 190, 179, 32, 21.06%, 0, 81, 3, 29.85, 66325, 721
1638192695, 0, 123, 190, 179, 32, 21.06%, 0, 81, 3, 29.21, 66476, 721
1638192700, 0, 123, 190, 179, 32, 21.06%, 0, 81, 3, 31.76, 66633, 721
1638192705, 0, 123, 190, 179, 32, 21.06%, 0, 81, 3, 32.51, 66801, 721
1638192710, 0, 123, 190, 179, 32, 21.06%, 0, 81, 3, 33.90, 66965, 721
1638192715, 0, 123, 190, 179, 32, 21.06%, 0, 81, 3, 32.78, 67129, 721
1638192721, 0, 123, 190, 179, 32, 21.06%, 0, 81, 3, 30.36, 67286, 721
1638192726, 0, 123, 190, 179, 32, 21.06%, 0, 81, 3, 30.33, 67439, 721
1638192731, 0, 123, 190, 179, 32, 21.06%, 0, 81, 3, 31.07, 67601, 721
1638192736, 0, 123, 190, 179, 32, 21.06%, 0, 81, 3, 30.61, 67755, 721
1638192741, 0, 123, 191, 180, 32, 21.06%, 0, 81, 3, 31.37, 67931, 721
1638192746, 0, 123, 191, 180, 32, 21.06%, 0, 81, 3, 30.62, 68092, 721
1638192751, 0, 123, 191, 180, 32, 21.06%, 0, 82, 3, 28.34, 68216, 721
1638192756, 0, 123, 191, 180, 32, 21.06%, 0, 82, 3, 30.07, 68375, 721
1638192761, 0, 123, 191, 180, 32, 21.06%, 0, 82, 3, 29.90, 68527, 721
1638192767, 0, 123, 192, 181, 32, 21.06%, 0, 82, 3, 31.63, 68703, 721
1638192772, 0, 123, 192, 181, 32, 21.06%, 0, 82, 3, 31.64, 68866, 721
1638192777, 0, 123, 193, 182, 32, 21.14%, 0, 82, 3, 32.57, 69047, 724
1638192782, 0, 123, 193, 182, 32, 21.14%, 0, 82, 3, 31.28, 69210, 724
1638192787, 0, 123, 193, 182, 32, 21.14%, 0, 82, 3, 29.64, 69362, 724
1638192792, 0, 123, 193, 182, 32, 21.14%, 0, 82, 3, 31.53, 69529, 724
1638192798, 0, 123, 193, 182, 32, 21.14%, 0, 82, 3, 31.62, 69692, 724
1638192803, 0, 123, 193, 182, 32, 21.14%, 0, 82, 3, 30.38, 69842, 724
1638192808, 0, 123, 193, 182, 32, 21.14%, 0, 82, 3, 31.32, 70007, 724
1638192813, 0, 123, 193, 182, 32, 21.14%, 0, 82, 3, 30.67, 70167, 724
1638192818, 0, 123, 193, 182, 32, 21.14%, 0, 82, 3, 32.00, 70329, 724
1638192823, 0, 123, 193, 182, 32, 21.14%, 0, 82, 3, 30.69, 70486, 724
1638192828, 0, 123, 193, 182, 32, 21.14%, 0, 82, 3, 30.71, 70643, 724
1638192833, 0, 123, 193, 182, 32, 21.14%, 0, 82, 3, 29.34, 70789, 724
1638192838, 0, 123, 193, 182, 32, 21.14%, 0, 82, 3, 30.81, 70949, 724
1638192843, 0, 123, 193, 182, 32, 21.14%, 0, 82, 3, 30.01, 71098, 724
1638192848, 0, 123, 193, 182, 32, 21.14%, 0, 82, 3, 31.10, 71256, 724
1638192853, 0, 123, 193, 182, 32, 21.14%, 0, 82, 3, 30.59, 71411, 724
1638192859, 0, 123, 193, 182, 32, 21.14%, 0, 82, 3, 28.84, 71554, 724
1638192864, 0, 123, 193, 182, 32, 21.14%, 0, 82, 3, 29.89, 71708, 724
1638192869, 0, 123, 193, 182, 32, 21.14%, 0, 82, 3, 30.14, 71861, 724
1638192874, 0, 123, 193, 182, 32, 21.14%, 0, 82, 3, 29.89, 72011, 724
1638192879, 0, 123, 193, 182, 32, 21.14%, 0, 82, 3, 29.81, 72166, 724
1638192884, 0, 123, 193, 182, 32, 21.14%, 0, 82, 3, 31.43, 72329, 724
1638192889, 0, 123, 193, 182, 32, 21.14%, 0, 82, 3, 32.55, 72491, 724
1638192894, 0, 123, 193, 182, 32, 21.14%, 0, 82, 3, 29.56, 72644, 724
1638192899, 0, 123, 193, 182, 32, 21.14%, 0, 82, 3, 30.83, 72800, 724
1638192904, 0, 123, 193, 182, 32, 21.14%, 0, 82, 3, 30.52, 72953, 724
1638192909, 0, 123, 193, 182, 32, 21.14%, 0, 82, 3, 30.62, 73107, 724
1638192914, 0, 123, 193, 182, 32, 21.14%, 0, 82, 3, 31.53, 73263, 724
1638192920, 0, 123, 193, 182, 32, 21.14%, 0, 82, 3, 30.73, 73416, 724
1638192925, 0, 123, 193, 182, 32, 21.14%, 0, 82, 3, 32.18, 73583, 724
1638192930, 0, 123, 194, 183, 32, 21.14%, 0, 82, 3, 30.58, 73755, 724
1638192935, 0, 123, 194, 183, 32, 21.14%, 0, 82, 3, 30.60, 73911, 724
1638192940, 0, 123, 194, 183, 32, 21.14%, 0, 82, 3, 29.62, 74058, 724
1638192945, 0, 123, 194, 183, 32, 21.14%, 0, 82, 3, 30.79, 74214, 724
1638192950, 0, 123, 194, 183, 32, 21.14%, 0, 82, 3, 29.33, 74365, 724
1638192955, 0, 123, 194, 183, 32, 21.14%, 0, 82, 3, 28.64, 74512, 724
1638192960, 0, 123, 194, 183, 32, 21.14%, 0, 82, 3, 28.47, 74659, 724
1638192965, 0, 123, 194, 183, 32, 21.14%, 0, 82, 3, 30.72, 74815, 724
1638192971, 0, 123, 194, 183, 32, 21.14%, 0, 82, 3, 31.05, 74977, 724
1638192976, 0, 123, 194, 183, 32, 21.14%, 0, 82, 3, 31.39, 75137, 724
1638192981, 0, 123, 195, 184, 32, 21.14%, 0, 82, 3, 32.13, 75320, 724
1638192986, 0, 123, 195, 184, 32, 21.14%, 0, 82, 3, 30.21, 75476, 724
1638192991, 0, 123, 195, 184, 32, 21.14%, 0, 82, 3, 30.52, 75633, 724
1638192996, 0, 123, 195, 184, 32, 21.14%, 0, 82, 3, 30.18, 75787, 724
1638193002, 0, 123, 196, 185, 32, 21.20%, 0, 82, 3, 32.00, 75968, 726
1638193007, 0, 123, 196, 185, 32, 21.20%, 0, 82, 3, 29.89, 76124, 726
1638193012, 0, 84, 197, 185, 32, 21.20%, 0, 82, 3, 31.56, 76307, 726
1638193017, 0, 84, 197, 185, 32, 21.20%, 0, 82, 3, 31.15, 76470, 726
1638193022, 0, 84, 197, 185, 32, 21.20%, 0, 83, 3, 26.08, 76586, 726
1638193027, 0, 112, 197, 184, 32, 21.20%, 0, 83, 3, 28.56, 76738, 726
1638193033, 0, 112, 197, 184, 32, 21.20%, 0, 83, 3, 29.31, 76890, 726
1638193038, 0, 112, 197, 184, 32, 21.20%, 0, 83, 3, 26.85, 77019, 726
1638193043, 0, 188, 198, 184, 31, 21.23%, 0, 83, 4, 29.06, 77184, 727
1638193048, 0, 188, 198, 184, 31, 21.23%, 0, 83, 4, 30.13, 77343, 727
1638193053, 0, 188, 198, 184, 31, 21.23%, 0, 83, 4, 29.18, 77487, 727
1638193058, 0, 116, 198, 183, 31, 21.23%, 0, 83, 4, 30.21, 77644, 727
1638193063, 0, 116, 198, 183, 31, 21.23%, 0, 84, 4, 10.60, 77775, 727
1638193068, 0, 116, 200, 185, 31, 21.23%, 0, 84, 4, 27.94, 77985, 727
1638193073, 0, 22, 200, 184, 31, 21.23%, 0, 84, 4, 30.37, 78143, 727
1638193079, 0, 22, 200, 184, 31, 21.23%, 0, 84, 4, 29.85, 78301, 727
1638193084, 0, 22, 200, 184, 31, 21.23%, 0, 84, 4, 29.10, 78451, 727
1638193089, 0, 104, 201, 184, 30, 21.23%, 0, 84, 4, 29.77, 78624, 727
1638193094, 0, 104, 201, 184, 30, 21.23%, 0, 84, 4, 29.90, 78778, 727
1638193099, 0, 104, 202, 185, 30, 21.23%, 0, 85, 4, 28.71, 78920, 727
1638193104, 0, 120, 202, 184, 30, 21.23%, 0, 85, 4, 28.65, 79064, 727
1638193109, 0, 120, 203, 185, 30, 21.23%, 0, 85, 4, 31.20, 79250, 727
1638193115, 0, 120, 203, 185, 30, 21.23%, 0, 85, 4, 30.65, 79409, 727
1638193120, 0, 120, 203, 185, 30, 21.23%, 0, 85, 4, 30.10, 79567, 727
1638193125, 0, 91, 203, 184, 29, 21.23%, 0, 85, 4, 31.36, 79721, 727
1638193130, 0, 91, 203, 184, 29, 21.23%, 0, 85, 4, 26.89, 79856, 727
1638193135, 0, 121, 203, 183, 28, 21.23%, 0, 85, 4, 30.23, 80009, 727
1638193140, 0, 121, 203, 183, 28, 21.23%, 0, 85, 4, 30.47, 80164, 727
1638193145, 0, 121, 203, 183, 28, 21.23%, 0, 85, 4, 28.27, 80310, 727
1638193150, 0, 138, 203, 182, 27, 21.23%, 0, 85, 4, 25.66, 80437, 727
1638193155, 0, 138, 203, 182, 27, 21.23%, 0, 85, 4, 24.95, 80561, 727
1638193161, 0, 199, 203, 181, 26, 21.23%, 0, 85, 4, 26.25, 80699, 727
1638193166, 0, 199, 203, 181, 26, 21.23%, 0, 85, 4, 24.82, 80823, 727
1638193171, 0, 199, 203, 181, 26, 21.23%, 0, 85, 4, 25.13, 80951, 727
1638193176, 0, 66, 203, 180, 25, 21.23%, 0, 85, 4, 24.82, 81074, 727
1638193181, 0, 66, 203, 180, 25, 21.23%, 0, 85, 4, 27.33, 81221, 727
1638193186, 0, 66, 203, 180, 25, 21.23%, 0, 85, 4, 26.83, 81354, 727
1638193191, 0, 77, 203, 179, 24, 21.23%, 0, 85, 4, 28.62, 81506, 727
1638193196, 0, 77, 203, 179, 24, 21.23%, 0, 86, 4, 25.91, 81620, 727
1638193201, 0, 77, 203, 179, 24, 21.23%, 0, 86, 4, 25.39, 81747, 727
1638193206, 0, 10, 204, 179, 24, 21.23%, 0, 87, 4, 33.69, 81881, 727
1638193212, 0, 10, 204, 179, 24, 21.23%, 0, 87, 4, 30.71, 82035, 727
1638193217, 0, 10, 204, 179, 24, 21.23%, 0, 87, 4, 29.61, 82185, 727
1638193222, 0, 10, 205, 180, 24, 21.23%, 0, 87, 4, 28.02, 82343, 727
1638193227, 0, 99, 205, 179, 23, 21.23%, 0, 87, 4, 29.04, 82485, 727
1638193232, 0, 99, 205, 179, 23, 21.23%, 0, 87, 4, 30.85, 82640, 727
1638193237, 0, 162, 205, 178, 22, 21.23%, 0, 87, 4, 26.61, 82769, 727
1638193242, 0, 162, 205, 178, 22, 21.23%, 0, 87, 4, 29.29, 82925, 727
1638193247, 0, 162, 205, 178, 22, 21.23%, 0, 87, 4, 28.17, 83068, 727
1638193253, 0, 15, 205, 177, 21, 21.23%, 0, 87, 4, 29.71, 83224, 727
1638193258, 0, 15, 205, 177, 21, 21.23%, 0, 89, 4, 24.02, 83308, 727
1638193263, 0, 15, 205, 177, 21, 21.23%, 0, 89, 4, 25.24, 83438, 727
1638193268, 0, 197, 205, 176, 20, 21.23%, 0, 89, 4, 27.41, 83582, 727
1638193273, 0, 197, 205, 176, 20, 21.23%, 0, 89, 4, 28.53, 83733, 727
1638193278, 0, 197, 205, 176, 20, 21.23%, 0, 89, 4, 27.75, 83873, 727
1638193283, 0, 197, 205, 176, 20, 21.23%, 0, 89, 4, 25.53, 84002, 727
1638193289, 0, 197, 205, 176, 20, 21.23%, 0, 89, 4, 28.55, 84151, 727
1638193294, 0, 184, 205, 175, 19, 21.23%, 0, 89, 4, 27.33, 84284, 727
1638193299, 0, 184, 205, 175, 19, 21.23%, 0, 89, 4, 29.11, 84439, 727
1638193304, 0, 184, 205, 175, 19, 21.23%, 0, 89, 4, 26.64, 84570, 727
1638193309, 0, 165, 205, 174, 18, 21.23%, 0, 89, 4, 28.91, 84719, 727
1638193314, 0, 165, 205, 174, 18, 21.23%, 0, 89, 4, 25.80, 84848, 727
1638193319, 0, 204, 205, 173, 17, 21.23%, 0, 89, 4, 26.79, 84993, 727
1638193324, 0, 204, 205, 173, 17, 21.23%, 0, 89, 4, 25.07, 85116, 727
1638193329, 0, 204, 205, 173, 17, 21.23%, 0, 89, 4, 26.03, 85252, 727
1638193334, 0, 166, 206, 173, 16, 21.23%, 0, 89, 4, 27.72, 85415, 727
1638193339, 0, 166, 206, 173, 16, 21.23%, 0, 89, 4, 25.41, 85541, 727
1638193345, 0, 166, 206, 173, 16, 21.23%, 0, 89, 4, 27.27, 85680, 727
1638193350, 0, 157, 207, 173, 16, 21.26%, 0, 89, 4, 29.04, 85843, 728
1638193355, 0, 157, 207, 173, 16, 21.26%, 0, 89, 4, 30.46, 86000, 728
1638193360, 0, 157, 207, 173, 16, 21.26%, 0, 89, 4, 28.38, 86140, 728
1638193365, 0, 154, 207, 172, 15, 21.26%, 0, 89, 4, 31.69, 86302, 728
1638193370, 0, 154, 207, 172, 15, 21.26%, 0, 89, 4, 30.81, 86455, 728
1638193375, 0, 108, 207, 171, 14, 21.26%, 0, 89, 4, 39.02, 86635, 728
1638193380, 0, 140, 207, 170, 13, 21.26%, 0, 89, 4, 52.24, 86935, 728
1638193386, 0, 118, 207, 169, 13, 21.26%, 0, 90, 4, 1.92, 87108, 728
1638193391, 0, 118, 208, 170, 13, 21.26%, 0, 90, 4, 31.68, 87287, 728
1638193396, 0, 118, 208, 170, 13, 21.26%, 0, 90, 4, 31.44, 87450, 728
1638193401, 0, 118, 208, 170, 13, 21.26%, 0, 90, 4, 30.09, 87603, 728
1638193406, 0, 28, 208, 169, 12, 21.26%, 0, 90, 4, 28.57, 87752, 728
1638193411, 0, 28, 208, 169, 12, 21.26%, 0, 90, 4, 29.44, 87899, 728
1638193416, 0, 12, 208, 168, 11, 21.26%, 0, 90, 4, 30.40, 88053, 728
1638193421, 0, 12, 208, 168, 11, 21.26%, 0, 90, 4, 29.45, 88208, 728
1638193427, 0, 12, 208, 168, 11, 21.26%, 0, 90, 4, 27.72, 88348, 728
1638193432, 0, 178, 209, 168, 10, 21.44%, 0, 90, 4, 31.29, 88534, 734
1638193437, 0, 178, 209, 168, 10, 21.44%, 0, 90, 4, 29.87, 88686, 734
1638193442, 0, 178, 209, 168, 10, 21.44%, 0, 90, 4, 29.44, 88833, 734
1638193447, 0, 126, 209, 167, 10, 21.44%, 0, 90, 4, 29.44, 88985, 734
1638193452, 0, 126, 209, 167, 10, 21.44%, 0, 90, 4, 27.71, 89128, 734
1638193457, 0, 126, 209, 167, 10, 21.44%, 0, 90, 4, 29.85, 89282, 734
1638193462, 0, 146, 209, 166, 9, 21.44%, 0, 90, 4, 29.52, 89429, 734
1638193467, 0, 146, 209, 166, 9, 21.44%, 0, 90, 4, 27.86, 89565, 734
1638193473, 0, 208, 210, 166, 8, 21.44%, 0, 91, 5, 25.75, 89701, 734
1638193478, 0, 208, 212, 168, 8, 21.44%, 0, 91, 5, 31.82, 89897, 734
1638193483, 0, 208, 213, 169, 8, 21.44%, 0, 92, 5, 31.67, 90044, 734
1638193488, 0, 208, 214, 170, 8, 21.44%, 0, 92, 5, 31.59, 90222, 734
1638193493, 0, 208, 214, 170, 8, 21.44%, 0, 92, 5, 30.15, 90369, 734
1638193498, 0, 208, 214, 170, 8, 21.44%, 0, 92, 5, 31.12, 90528, 734
1638193503, 0, 208, 214, 170, 8, 21.44%, 0, 92, 5, 31.96, 90690, 734
1638193509, 0, 208, 215, 171, 8, 21.47%, 0, 92, 5, 32.67, 90873, 735
1638193514, 0, 208, 215, 171, 8, 21.47%, 0, 92, 5, 31.42, 91037, 735
1638193519, 0, 208, 215, 171, 8, 21.47%, 0, 92, 5, 30.57, 91189, 735
1638193524, 0, 208, 215, 171, 8, 21.47%, 0, 92, 5, 30.27, 91342, 735
1638193529, 0, 208, 215, 171, 8, 21.47%, 0, 92, 5, 29.85, 91488, 735
1638193534, 0, 208, 215, 171, 8, 21.47%, 0, 92, 5, 29.35, 91638, 735
1638193539, 0, 208, 215, 171, 8, 21.47%, 0, 92, 5, 29.70, 91788, 735
1638193544, 0, 208, 215, 171, 8, 21.47%, 0, 92, 5, 30.70, 91946, 735
1638193549, 0, 208, 215, 171, 8, 21.47%, 0, 92, 5, 30.81, 92106, 735
1638193554, 0, 208, 215, 171, 8, 21.47%, 0, 92, 5, 30.23, 92259, 735
1638193559, 0, 208, 215, 171, 8, 21.47%, 0, 92, 5, 30.62, 92415, 735
1638193565, 0, 208, 215, 171, 8, 21.47%, 0, 92, 5, 29.18, 92564, 735
1638193570, 0, 208, 215, 171, 8, 21.47%, 0, 92, 5, 29.12, 92714, 735
1638193575, 0, 208, 215, 171, 8, 21.47%, 0, 92, 5, 29.37, 92863, 735
1638193580, 0, 208, 215, 171, 8, 21.47%, 0, 92, 5, 30.86, 93021, 735
1638193585, 0, 208, 215, 171, 8, 21.47%, 0, 92, 5, 29.98, 93173, 735
1638193590, 0, 208, 215, 171, 8, 21.47%, 0, 92, 5, 28.66, 93319, 735
1638193595, 0, 208, 215, 171, 8, 21.47%, 0, 92, 5, 30.13, 93476, 735
1638193600, 0, 208, 215, 171, 8, 21.47%, 0, 92, 5, 30.80, 93640, 735
1638193605, 0, 208, 215, 171, 8, 21.47%, 0, 92, 5, 30.19, 93795, 735
1638193610, 0, 208, 215, 171, 8, 21.47%, 0, 92, 5, 30.70, 93951, 735
1638193615, 0, 208, 215, 171, 8, 21.47%, 0, 92, 5, 31.69, 94111, 735
1638193621, 0, 208, 215, 171, 8, 21.47%, 0, 92, 5, 30.99, 94270, 735
1638193626, 0, 208, 215, 171, 8, 21.47%, 0, 92, 5, 30.95, 94424, 735
1638193631, 0, 208, 215, 171, 8, 21.47%, 0, 92, 5, 30.25, 94577, 735
1638193636, 0, 208, 215, 171, 8, 21.47%, 0, 92, 5, 31.61, 94738, 735
1638193641, 0, 208, 215, 171, 8, 21.47%, 0, 92, 5, 29.60, 94887, 735
1638193646, 0, 208, 215, 171, 8, 21.47%, 0, 92, 5, 31.15, 95049, 735
1638193651, 0, 208, 215, 171, 8, 21.47%, 0, 92, 5, 29.54, 95196, 735
1638193656, 0, 208, 215, 171, 8, 21.47%, 0, 92, 5, 30.65, 95353, 735
1638193661, 0, 208, 215, 171, 8, 21.47%, 0, 92, 5, 30.70, 95507, 735
1638193666, 0, 208, 215, 171, 8, 21.47%, 0, 92, 5, 32.19, 95670, 735
1638193671, 0, 208, 215, 171, 8, 21.47%, 0, 92, 5, 31.95, 95837, 735
1638193676, 0, 208, 215, 171, 8, 21.47%, 0, 92, 5, 29.03, 95979, 735
1638193682, 0, 208, 215, 171, 8, 21.47%, 0, 92, 5, 28.66, 96126, 735
1638193687, 0, 208, 215, 171, 8, 21.47%, 0, 92, 5, 30.25, 96283, 735
1638193692, 0, 208, 215, 171, 8, 21.47%, 0, 92, 5, 31.43, 96446, 735
1638193697, 0, 208, 215, 171, 8, 21.47%, 0, 92, 5, 30.12, 96598, 735
1638193702, 0, 208, 215, 171, 8, 21.47%, 0, 92, 5, 30.28, 96752, 735
1638193707, 0, 208, 215, 171, 8, 21.47%, 0, 92, 5, 31.11, 96913, 735
1638193712, 0, 208, 215, 171, 8, 21.47%, 0, 92, 5, 32.55, 97080, 735
1638193718, 0, 208, 215, 171, 8, 21.47%, 0, 92, 5, 32.04, 97246, 735
1638193723, 0, 208, 215, 171, 8, 21.47%, 0, 92, 5, 30.54, 97403, 735
1638193728, 0, 208, 215, 171, 8, 21.47%, 0, 92, 5, 30.22, 97557, 735
1638193733, 0, 208, 215, 171, 8, 21.47%, 0, 92, 5, 31.40, 97721, 735
1638193738, 0, 208, 215, 171, 8, 21.47%, 0, 92, 5, 30.07, 97875, 735
1638193743, 0, 208, 215, 171, 8, 21.47%, 0, 92, 5, 30.50, 98034, 735
1638193748, 0, 208, 215, 171, 8, 21.47%, 0, 92, 5, 31.04, 98191, 735
1638193753, 0, 208, 215, 171, 8, 21.47%, 0, 92, 5, 30.86, 98345, 735
1638193758, 0, 208, 216, 172, 8, 21.47%, 0, 92, 5, 31.73, 98518, 735
1638193763, 0, 208, 216, 172, 8, 21.47%, 0, 92, 5, 31.06, 98679, 735
1638193768, 0, 208, 216, 172, 8, 21.47%, 0, 92, 5, 31.43, 98833, 735
1638193774, 0, 208, 216, 172, 8, 21.47%, 0, 92, 5, 30.22, 98988, 735
1638193779, 0, 208, 216, 172, 8, 21.47%, 0, 93, 5, 1.91, 99133, 735
1638193785, 0, 208, 216, 172, 8, 21.47%, 0, 93, 5, 27.79, 99281, 735
1638193790, 0, 208, 216, 172, 8, 21.47%, 0, 93, 5, 30.53, 99441, 735
1638193795, 0, 208, 216, 172, 8, 21.47%, 0, 93, 5, 30.49, 99595, 735
1638193800, 0, 208, 216, 172, 8, 21.47%, 0, 93, 5, 29.45, 99749, 735
1638193805, 0, 208, 216, 172, 8, 21.47%, 0, 93, 5, 31.15, 99910, 735
1638193810, 0, 208, 216, 172, 8, 21.47%, 0, 93, 5, 31.46, 100071, 735
1638193816, 0, 208, 216, 172, 8, 21.47%, 0, 93, 5, 31.97, 100232, 735
1638193821, 0, 208, 216, 172, 8, 21.47%, 0, 93, 5, 31.38, 100392, 735
1638193826, 0, 208, 216, 172, 8, 21.47%, 0, 93, 5, 30.13, 100548, 735
1638193831, 0, 208, 216, 172, 8, 21.47%, 0, 93, 5, 30.21, 100702, 735
1638193836, 0, 208, 216, 172, 8, 21.47%, 0, 93, 5, 29.54, 100853, 735
1638193841, 0, 208, 216, 172, 8, 21.47%, 0, 93, 5, 30.16, 101010, 735
1638193846, 0, 208, 216, 172, 8, 21.47%, 0, 93, 5, 31.00, 101171, 735
1638193852, 0, 208, 216, 172, 8, 21.47%, 0, 93, 5, 32.04, 101342, 735
1638193857, 0, 208, 216, 172, 8, 21.47%, 0, 93, 5, 31.00, 101498, 735
1638193862, 0, 208, 216, 172, 8, 21.47%, 0, 93, 5, 30.48, 101651, 735
1638193867, 0, 208, 216, 172, 8, 21.47%, 0, 93, 5, 31.16, 101812, 735
1638193872, 0, 208, 216, 172, 8, 21.47%, 0, 93, 5, 31.03, 101973, 735
1638193877, 0, 208, 216, 172, 8, 21.47%, 0, 93, 5, 30.79, 102126, 735
1638193882, 0, 208, 216, 172, 8, 21.47%, 0, 93, 5, 30.95, 102288, 735
1638193888, 0, 208, 216, 172, 8, 21.47%, 0, 93, 5, 29.82, 102441, 735
1638193893, 0, 208, 216, 172, 8, 21.47%, 0, 93, 5, 30.13, 102592, 735
1638193898, 0, 208, 216, 172, 8, 21.47%, 0, 93, 5, 30.36, 102747, 735
1638193903, 0, 208, 216, 172, 8, 21.47%, 0, 93, 5, 30.98, 102906, 735
1638193908, 0, 208, 216, 172, 8, 21.47%, 0, 93, 5, 30.71, 103061, 735
1638193913, 0, 208, 216, 172, 8, 21.47%, 0, 93, 5, 29.14, 103205, 735
1638193918, 0, 208, 216, 172, 8, 21.47%, 0, 93, 5, 28.64, 103348, 735
1638193923, 0, 208, 216, 172, 8, 21.47%, 0, 93, 5, 31.69, 103509, 735
1638193928, 0, 208, 216, 172, 8, 21.47%, 0, 93, 5, 31.40, 103669, 735
1638193934, 0, 208, 216, 172, 8, 21.47%, 0, 93, 5, 31.04, 103832, 735
1638193939, 0, 208, 216, 172, 8, 21.47%, 0, 93, 5, 30.06, 103983, 735
1638193944, 0, 208, 216, 172, 8, 21.47%, 0, 93, 5, 32.63, 104154, 735
1638193949, 0, 208, 217, 173, 8, 21.50%, 0, 93, 5, 32.47, 104338, 736
1638193954, 0, 208, 217, 173, 8, 21.50%, 0, 93, 5, 32.03, 104501, 736
1638193959, 0, 208, 217, 173, 8, 21.50%, 0, 93, 5, 31.26, 104661, 736
1638193964, 0, 208, 217, 173, 8, 21.50%, 0, 93, 5, 30.44, 104818, 736
1638193969, 0, 208, 217, 173, 8, 21.50%, 0, 93, 5, 31.44, 104976, 736
1638193975, 0, 208, 217, 173, 8, 21.50%, 0, 93, 5, 32.02, 105136, 736
1638193980, 0, 208, 217, 173, 8, 21.50%, 0, 93, 5, 30.45, 105289, 736
1638193985, 0, 208, 217, 173, 8, 21.50%, 0, 93, 5, 31.80, 105457, 736
1638193990, 0, 208, 217, 173, 8, 21.50%, 0, 93, 5, 31.84, 105620, 736
1638193995, 0, 208, 217, 173, 8, 21.50%, 0, 93, 5, 29.10, 105767, 736
1638194000, 0, 208, 217, 173, 8, 21.50%, 0, 93, 5, 30.40, 105924, 736
1638194005, 0, 208, 217, 173, 8, 21.50%, 0, 93, 5, 30.44, 106083, 736
1638194011, 0, 208, 217, 173, 8, 21.50%, 0, 93, 5, 30.56, 106244, 736
1638194016, 0, 208, 217, 173, 8, 21.50%, 0, 93, 5, 31.81, 106407, 736
1638194021, 0, 208, 217, 173, 8, 21.50%, 0, 93, 5, 31.40, 106570, 736
1638194026, 0, 208, 217, 173, 8, 21.50%, 0, 93, 5, 32.19, 106743, 736
1638194031, 0, 155, 217, 172, 13, 21.50%, 0, 93, 5, 29.38, 106892, 736
1638194036, 0, 155, 217, 172, 13, 21.50%, 0, 93, 5, 28.91, 107040, 736
1638194042, 0, 155, 217, 172, 13, 21.50%, 0, 93, 5, 27.93, 107186, 736
1638194047, 0, 209, 218, 172, 13, 21.50%, 0, 93, 6, 31.34, 107372, 736
1638194052, 0, 209, 218, 172, 13, 21.50%, 0, 93, 6, 30.85, 107527, 736
1638194057, 0, 209, 218, 172, 13, 21.50%, 0, 93, 6, 29.69, 107680, 736
1638194062, 0, 209, 218, 172, 13, 21.50%, 0, 93, 6, 31.29, 107838, 736
1638194067, 0, 209, 218, 172, 13, 21.50%, 0, 93, 6, 32.35, 108006, 736
1638194072, 0, 209, 218, 172, 13, 21.50%, 0, 93, 6, 27.59, 108147, 736
1638194077, 0, 110, 218, 171, 12, 21.50%, 0, 93, 6, 29.80, 108301, 736
1638194082, 0, 110, 218, 171, 12, 21.50%, 0, 93, 6, 28.58, 108446, 736
1638194087, 0, 110, 218, 171, 12, 21.50%, 0, 93, 6, 30.18, 108602, 736
1638194092, 0, 130, 218, 170, 11, 21.50%, 0, 93, 6, 28.63, 108749, 736
1638194098, 0, 130, 218, 170, 11, 21.50%, 0, 93, 6, 27.95, 108896, 736
1638194103, 0, 129, 218, 169, 11, 21.50%, 0, 93, 6, 26.93, 109036, 736
1638194108, 0, 129, 219, 170, 11, 21.50%, 0, 93, 6, 30.75, 109209, 736
1638194113, 0, 129, 219, 170, 11, 21.50%, 0, 93, 6, 27.26, 109338, 736
1638194118, 0, 200, 220, 170, 11, 21.50%, 0, 93, 6, 30.28, 109514, 736
1638194123, 0, 200, 220, 170, 11, 21.50%, 0, 93, 6, 30.10, 109669, 736
1638194128, 0, 200, 222, 172, 11, 21.50%, 0, 93, 6, 30.63, 109863, 736
1638194133, 0, 200, 222, 172, 11, 21.50%, 0, 94, 6, 27.42, 109976, 736
1638194138, 0, 135, 222, 171, 13, 21.50%, 0, 94, 6, 31.70, 110146, 736
1638194144, 0, 135, 223, 172, 13, 21.50%, 0, 94, 6, 30.89, 110331, 736
1638194149, 0, 135, 224, 173, 13, 21.50%, 0, 94, 6, 31.87, 110512, 736
1638194155, 0, 216, 224, 172, 12, 21.50%, 0, 95, 6, 3.60, 110654, 736
1638194160, 0, 216, 224, 172, 12, 21.50%, 0, 95, 6, 29.22, 110805, 736
1638194165, 0, 216, 224, 172, 12, 21.50%, 0, 95, 6, 30.83, 110973, 736
1638194170, 0, 216, 224, 172, 12, 21.50%, 0, 95, 6, 29.95, 111124, 736
1638194175, 0, 216, 224, 172, 12, 21.50%, 0, 95, 6, 31.85, 111288, 736
1638194180, 0, 175, 225, 172, 11, 21.50%, 0, 95, 6, 30.07, 111454, 736
1638194185, 0, 175, 225, 172, 11, 21.50%, 0, 95, 6, 29.57, 111599, 736
1638194190, 0, 175, 225, 172, 11, 21.50%, 0, 95, 6, 31.11, 111761, 736
1638194195, 0, 183, 225, 171, 11, 21.50%, 0, 95, 6, 32.05, 111925, 736
1638194200, 0, 183, 225, 171, 11, 21.50%, 0, 95, 6, 31.39, 112082, 736
1638194205, 0, 217, 225, 170, 10, 21.50%, 0, 95, 6, 29.16, 112225, 736
1638194211, 0, 217, 226, 171, 10, 21.50%, 0, 95, 7, 31.39, 112405, 736
1638194216, 0, 217, 226, 171, 10, 21.50%, 0, 95, 7, 31.69, 112571, 736
1638194221, 0, 217, 226, 171, 10, 21.50%, 0, 95, 7, 30.15, 112723, 736
1638194226, 0, 217, 226, 171, 10, 21.50%, 0, 95, 7, 28.07, 112859, 736
1638194231, 0, 217, 229, 174, 10, 21.50%, 0, 95, 7, 32.75, 113080, 736
1638194236, 0, 217, 229, 174, 10, 21.50%, 0, 95, 7, 31.76, 113245, 736
1638194241, 0, 217, 229, 174, 10, 21.50%, 0, 95, 7, 29.46, 113394, 736
1638194247, 0, 217, 229, 174, 10, 21.50%, 0, 95, 7, 30.58, 113550, 736
1638194252, 0, 214, 229, 173, 10, 21.50%, 0, 95, 7, 30.00, 113706, 736
1638194257, 0, 214, 230, 174, 10, 21.50%, 0, 95, 7, 29.66, 113881, 736
1638194262, 0, 214, 230, 174, 10, 21.50%, 0, 95, 7, 29.91, 114036, 736
1638194267, 0, 214, 230, 174, 10, 21.50%, 0, 95, 7, 30.46, 114195, 736
1638194272, 0, 214, 230, 174, 10, 21.50%, 0, 95, 7, 30.30, 114355, 736
1638194278, 0, 214, 231, 175, 10, 21.55%, 0, 95, 7, 29.51, 114527, 738
1638194283, 0, 214, 231, 175, 10, 21.55%, 0, 95, 7, 26.96, 114664, 738
1638194288, 0, 222, 231, 174, 10, 21.55%, 0, 95, 7, 25.06, 114789, 738
1638194293, 0, 222, 231, 174, 10, 21.55%, 0, 95, 7, 24.57, 114912, 738
1638194298, 0, 68, 231, 173, 9, 21.55%, 0, 95, 7, 29.18, 115067, 738
1638194303, 0, 68, 231, 173, 9, 21.55%, 0, 95, 7, 30.15, 115220, 738
1638194308, 0, 206, 231, 172, 8, 21.55%, 0, 95, 7, 29.51, 115375, 738
1638194314, 0, 206, 232, 173, 8, 21.55%, 0, 95, 7, 32.43, 115560, 738
1638194319, 0, 206, 232, 173, 8, 21.55%, 0, 95, 7, 29.37, 115708, 738
1638194324, 0, 206, 232, 173, 8, 21.55%, 0, 95, 7, 28.08, 115848, 738
1638194329, 0, 206, 232, 173, 8, 21.55%, 0, 95, 7, 28.22, 115994, 738
1638194334, 0, 206, 232, 173, 8, 21.55%, 0, 95, 7, 28.88, 116146, 738
1638194339, 0, 206, 232, 173, 8, 21.55%, 0, 95, 7, 28.68, 116296, 738
1638194345, 0, 230, 232, 172, 7, 21.55%, 0, 95, 7, 29.53, 116450, 738
1638194350, 0, 230, 232, 172, 7, 21.55%, 0, 95, 7, 31.40, 116611, 738
1638194355, 0, 230, 232, 172, 7, 21.55%, 0, 95, 7, 30.83, 116766, 738
1638194360, 0, 230, 232, 172, 7, 21.55%, 0, 95, 7, 30.66, 116922, 738
1638194365, 0, 221, 232, 171, 6, 21.55%, 0, 95, 7, 30.71, 117082, 738
1638194370, 0, 221, 232, 171, 6, 21.55%, 0, 95, 7, 27.48, 117223, 738
1638194375, 0, 221, 233, 172, 6, 21.55%, 0, 95, 7, 28.17, 117378, 738
1638194380, 0, 221, 233, 172, 6, 21.55%, 0, 95, 7, 28.31, 117527, 738
1638194385, 0, 221, 233, 172, 6, 21.55%, 0, 95, 7, 28.77, 117676, 738
1638194390, 0, 221, 233, 172, 6, 21.55%, 0, 95, 7, 30.84, 117830, 738
1638194396, 0, 221, 233, 172, 6, 21.55%, 0, 95, 7, 26.82, 117963, 738
1638194401, 0, 221, 233, 172, 6, 21.55%, 0, 95, 7, 27.90, 118109, 738
1638194406, 0, 148, 233, 171, 5, 21.55%, 0, 95, 7, 30.94, 118273, 738
1638194411, 0, 148, 233, 171, 5, 21.55%, 0, 95, 7, 32.97, 118435, 738
1638194416, 0, 50, 233, 170, 4, 21.55%, 0, 95, 7, 29.96, 118584, 738
1638194421, 0, 50, 233, 170, 4, 21.55%, 0, 95, 7, 31.41, 118747, 738
1638194426, 0, 30, 233, 169, 4, 21.55%, 0, 95, 7, 30.93, 118897, 738
1638194431, 0, 30, 233, 169, 4, 21.55%, 0, 95, 7, 31.22, 119058, 738
1638194436, 0, 40, 233, 168, 3, 21.55%, 0, 95, 7, 32.81, 119222, 738
1638194441, 0, 40, 233, 168, 3, 21.55%, 0, 95, 7, 42.01, 119449, 738
1638194447, 0, 204, 233, 167, 3, 21.55%, 0, 95, 7, 37.50, 119656, 738
1638194452, 0, 204, 233, 167, 3, 21.55%, 0, 95, 7, 33.01, 119817, 738
1638194457, 0, 204, 233, 167, 3, 21.55%, 0, 95, 7, 31.43, 119977, 738
1638194462, 0, 204, 233, 167, 3, 21.55%, 0, 95, 7, 27.15, 120114, 738
1638194467, 0, 204, 233, 167, 3, 21.55%, 0, 95, 7, 28.69, 120264, 738
1638194472, 0, 204, 233, 167, 3, 21.55%, 0, 95, 7, 30.27, 120423, 738
1638194477, 0, 204, 233, 167, 3, 21.55%, 0, 95, 7, 31.20, 120587, 738
1638194482, 0, 204, 233, 167, 3, 21.55%, 0, 95, 7, 30.06, 120744, 738
1638194488, 0, 204, 233, 167, 3, 21.55%, 0, 95, 7, 33.09, 120920, 738
1638194493, 0, 204, 235, 169, 3, 21.55%, 0, 95, 7, 32.19, 121121, 738
1638194498, 0, 204, 235, 169, 3, 21.55%, 0, 95, 7, 29.75, 121272, 738
1638194503, 0, 203, 235, 169, 3, 21.55%, 0, 95, 7, 30.48, 121436, 738
1638194508, 0, 203, 235, 169, 3, 21.55%, 0, 95, 7, 30.66, 121592, 738
1638194513, 0, 226, 235, 168, 3, 21.55%, 0, 95, 7, 30.71, 121753, 738
1638194519, 0, 226, 235, 168, 3, 21.55%, 0, 95, 7, 31.09, 121916, 738
1638194524, 0, 226, 235, 168, 3, 21.55%, 0, 95, 7, 30.63, 122075, 738
1638194529, 0, 226, 235, 168, 3, 21.55%, 0, 95, 7, 32.11, 122240, 738
1638194534, 0, 226, 235, 168, 3, 21.55%, 0, 95, 7, 32.44, 122404, 738
1638194539, 0, 196, 236, 168, 2, 21.55%, 0, 95, 7, 32.43, 122586, 738
1638194544, 0, 196, 236, 168, 2, 21.55%, 0, 95, 7, 30.00, 122734, 738
1638194549, 0, 196, 236, 168, 2, 21.55%, 0, 95, 7, 29.56, 122886, 738
1638194554, 0, 2, 236, 167, 2, 21.55%, 0, 95, 7, 30.49, 123044, 738
1638194560, 0, 2, 236, 167, 2, 21.55%, 0, 95, 7, 29.36, 123194, 738
1638194565, 0, 94, 236, 166, 2, 21.55%, 0, 95, 7, 30.49, 123351, 738
1638194570, 0, 94, 236, 166, 2, 21.55%, 0, 95, 7, 28.99, 123493, 738
1638194575, 0, 94, 236, 166, 2, 21.55%, 0, 95, 7, 30.17, 123648, 738
1638194580, 0, 184, 236, 165, 2, 21.55%, 0, 95, 7, 29.71, 123803, 738
1638194585, 0, 184, 236, 165, 2, 21.55%, 0, 95, 7, 30.53, 123962, 738
1638194590, 0, 184, 236, 165, 2, 21.55%, 0, 95, 7, 29.73, 124112, 738
1638194595, 0, 184, 236, 165, 2, 21.55%, 0, 95, 7, 29.40, 124271, 738
1638194601, 0, 184, 236, 165, 2, 21.55%, 0, 95, 7, 30.03, 124427, 738
1638194606, 0, 184, 236, 165, 2, 21.55%, 0, 95, 7, 27.59, 124570, 738
1638194611, 0, 184, 236, 165, 2, 21.55%, 0, 95, 7, 27.72, 124713, 738
1638194616, 0, 184, 236, 165, 2, 21.55%, 0, 95, 7, 29.21, 124866, 738
1638194621, 0, 184, 236, 165, 2, 21.55%, 0, 95, 7, 30.30, 125028, 738
1638194626, 0, 87, 236, 165, 2, 21.55%, 0, 95, 7, 32.57, 125192, 738
1638194632, 0, 87, 236, 165, 2, 21.55%, 0, 95, 7, 31.26, 125355, 738
1638194637, 0, 87, 236, 165, 2, 21.55%, 0, 95, 7, 30.68, 125508, 738
1638194642, 0, 151, 236, 164, 2, 21.55%, 0, 95, 7, 33.04, 125679, 738
1638194647, 0, 151, 236, 164, 2, 21.55%, 0, 95, 7, 31.31, 125841, 738
1638194652, 0, 234, 236, 163, 1, 21.55%, 0, 95, 7, 26.68, 125974, 738
1638194657, 0, 234, 236, 163, 1, 21.55%, 0, 95, 7, 25.13, 126098, 738
1638194662, 0, 234, 236, 163, 1, 21.55%, 0, 95, 7, 29.32, 126253, 738
1638194667, 0, 219, 236, 162, 1, 21.55%, 0, 95, 7, 29.32, 126402, 738
1638194673, 0, 219, 236, 162, 1, 21.55%, 0, 95, 7, 30.43, 126564, 738
1638194678, 0, 219, 236, 162, 1, 21.55%, 0, 95, 7, 27.77, 126711, 738
1638194683, 0, 219, 236, 162, 1, 21.55%, 0, 95, 7, 25.11, 126838, 738
1638194688, 0, 219, 236, 162, 1, 21.55%, 0, 95, 7, 29.20, 126997, 738
1638194693, 0, 220, 236, 161, 0, 21.55%, 0, 95, 7, 29.44, 127155, 738
1638194699, 0, 220, 237, 162, 0, 21.55%, 0, 95, 7, 31.69, 127341, 738
1638194704, 0, 220, 239, 164, 0, 21.58%, 0, 95, 7, 37.08, 127561, 739
1638194709, 0, 220, 239, 164, 0, 21.58%, 0, 95, 7, 33.04, 127722, 739
1638194714, 0, 220, 239, 164, 0, 21.58%, 0, 95, 7, 30.02, 127874, 739
1638194719, 0, 220, 239, 164, 0, 21.58%, 0, 95, 7, 31.25, 128034, 739
1638194724, 0, 220, 239, 164, 0, 21.58%, 0, 95, 7, 31.14, 128192, 739
1638194729, 0, 220, 240, 165, 0, 21.58%, 0, 95, 7, 30.15, 128364, 739
1638194734, 0, 220, 240, 165, 0, 21.58%, 0, 95, 7, 30.34, 128519, 739
1638194739, 0, 220, 240, 165, 0, 21.58%, 0, 95, 7, 29.60, 128666, 739
1638194745, 0, 220, 240, 165, 0, 21.58%, 0, 95, 7, 31.75, 128828, 739
1638194750, 0, 220, 240, 165, 0, 21.58%, 0, 95, 7, 28.11, 128972, 739
1638194755, 0, 220, 240, 165, 0, 21.58%, 0, 95, 7, 28.78, 129118, 739
1638194760, 0, 220, 240, 165, 0, 21.58%, 0, 95, 7, 26.29, 129256, 739
1638194765, 0, 220, 240, 165, 0, 21.58%, 0, 95, 7, 27.50, 129400, 739
1638194770, 0, 220, 240, 165, 0, 21.58%, 0, 95, 7, 27.29, 129542, 739
1638194775, 0, 220, 240, 165, 0, 21.58%, 0, 95, 7, 28.71, 129692, 739
1638194781, 0, 220, 240, 165, 0, 21.58%, 0, 95, 7, 29.73, 129845, 739
1638194786, 0, 220, 240, 165, 0, 21.58%, 0, 95, 7, 30.47, 130002, 739
1638194791, 0, 220, 240, 165, 0, 21.58%, 0, 95, 7, 29.17, 130153, 739
1638194796, 0, 220, 240, 165, 0, 21.58%, 0, 95, 7, 27.97, 130300, 739
1638194801, 0, 220, 240, 165, 0, 21.58%, 0, 95, 7, 25.34, 130428, 739
1638194806, 0, 220, 240, 165, 0, 21.58%, 0, 95, 7, 28.55, 130577, 739
1638194811, 0, 220, 240, 165, 0, 21.58%, 0, 95, 7, 29.24, 130732, 739
1638194817, 0, 220, 240, 165, 0, 21.58%, 0, 95, 7, 25.67, 130862, 739
1638194822, 0, 220, 240, 165, 0, 21.58%, 0, 95, 7, 26.89, 130993, 739
1638194827, 0, 220, 240, 165, 0, 21.58%, 0, 95, 7, 26.86, 131135, 739
1638194832, 0, 220, 240, 165, 0, 21.58%, 0, 95, 7, 29.83, 131296, 739
1638194837, 0, 220, 240, 165, 0, 21.58%, 0, 95, 7, 29.71, 131449, 739
1638194842, 0, 220, 240, 165, 0, 21.58%, 0, 96, 7, 5.15, 131570, 739
1638194847, 0, 220, 240, 165, 0, 21.58%, 0, 96, 7, 34.32, 131734, 739
