# unix_time, cycles_done, cur_path, paths_total, pending_total, pending_favs, map_size, unique_crashes, unique_hangs, max_depth, execs_per_sec, total_execs, edges_found
1638183304, 0, 12, 16, 16, 6, 17.44%, 0, 0, 1, 10354.84, 642, 597
1638183310, 0, 12, 25, 25, 6, 17.49%, 0, 0, 2, 77.76, 1059, 599
1638183315, 0, 12, 32, 32, 6, 17.70%, 0, 0, 2, 76.75, 1470, 606
1638183321, 0, 12, 35, 35, 6, 17.82%, 0, 0, 2, 73.73, 1845, 610
1638183326, 0, 12, 35, 35, 6, 17.82%, 0, 0, 2, 70.77, 2213, 610
1638183331, 0, 12, 38, 38, 6, 18.08%, 0, 0, 2, 66.72, 2537, 619
1638183336, 0, 12, 45, 45, 6, 18.08%, 0, 0, 2, 65.97, 2864, 619
1638183341, 0, 12, 53, 53, 6, 18.08%, 0, 0, 2, 65.76, 3227, 619
1638183346, 0, 12, 58, 58, 6, 18.08%, 0, 0, 2, 65.00, 3554, 619
1638183352, 0, 12, 60, 60, 6, 18.20%, 0, 0, 2, 64.75, 3889, 623
1638183357, 0, 12, 60, 60, 6, 18.20%, 0, 0, 2, 65.06, 4226, 623
1638183362, 0, 12, 63, 63, 6, 18.20%, 0, 0, 2, 64.73, 4553, 623
1638183367, 0, 12, 66, 66, 6, 18.20%, 0, 0, 2, 62.81, 4874, 623
1638183372, 0, 12, 67, 67, 6, 18.31%, 0, 0, 2, 62.59, 5190, 627
1638183377, 0, 12, 67, 67, 6, 18.31%, 0, 0, 2, 65.16, 5529, 627
1638183382, 0, 12, 67, 67, 6, 18.31%, 0, 0, 2, 67.00, 5879, 627
1638183388, 0, 12, 67, 67, 6, 18.31%, 0, 0, 2, 67.23, 6227, 627
1638183393, 0, 12, 67, 67, 6, 18.31%, 0, 0, 2, 67.89, 6581, 627
1638183398, 0, 12, 74, 74, 6, 18.49%, 0, 0, 2, 67.54, 6921, 633
1638183403, 0, 12, 83, 83, 6, 18.49%, 0, 0, 2, 67.67, 7301, 633
1638183409, 0, 12, 90, 90, 6, 18.49%, 0, 0, 2, 67.78, 7649, 633
1638183414, 0, 12, 97, 97, 6, 18.66%, 0, 0, 2, 64.03, 7941, 639
1638183419, 0, 12, 103, 103, 6, 18.84%, 0, 0, 2, 59.11, 8187, 645
1638183424, 0, 12, 109, 109, 6, 18.93%, 0, 0, 2, 54.36, 8434, 648
1638183430, 0, 12, 115, 115, 6, 18.93%, 0, 0, 2, 49.96, 8679, 648
1638183436, 0, 12, 120, 120, 6, 19.04%, 0, 0, 2, 45.56, 8884, 652
1638183442, 0, 12, 124, 124, 6, 19.10%, 0, 0, 2, 33.69, 9009, 654
1638183447, 0, 11, 124, 123, 13, 19.10%, 0, 0, 2, 43.44, 9187, 654
1638183452, 0, 11, 124, 123, 13, 19.10%, 0, 0, 2, 65.83, 9553, 654
1638183457, 0, 11, 124, 123, 13, 19.10%, 0, 0, 2, 68.94, 9916, 654
1638183462, 0, 11, 124, 123, 13, 19.10%, 0, 0, 2, 67.73, 10265, 654
1638183467, 0, 11, 124, 123, 13, 19.10%, 0, 0, 2, 68.76, 10619, 654
1638183473, 0, 11, 124, 123, 13, 19.10%, 0, 0, 2, 69.13, 10978, 654
1638183478, 0, 11, 124, 123, 13, 19.10%, 0, 0, 2, 69.21, 11336, 654
1638183483, 0, 11, 124, 123, 13, 19.10%, 0, 0, 2, 71.49, 11705, 654
1638183488, 0, 11, 124, 123, 13, 19.10%, 0, 0, 2, 72.05, 12082, 654
1638183493, 0, 11, 124, 123, 13, 19.10%, 0, 0, 2, 72.57, 12446, 654
1638183498, 0, 11, 124, 123, 13, 19.10%, 0, 0, 2, 72.16, 12821, 654
1638183504, 0, 11, 126, 125, 13, 19.10%, 0, 0, 2, 69.44, 13184, 654
1638183509, 0, 11, 129, 128, 13, 19.16%, 0, 0, 2, 41.65, 13333, 656
1638183514, 0, 93, 130, 128, 12, 19.16%, 0, 0, 3, 44.60, 13531, 656
1638183519, 0, 93, 131, 129, 12, 19.16%, 0, 0, 3, 58.73, 13852, 656
1638183524, 0, 93, 131, 129, 12, 19.16%, 0, 0, 3, 60.85, 14154, 656
1638183529, 0, 93, 132, 130, 12, 19.16%, 0, 0, 3, 61.59, 14476, 656
1638183535, 0, 93, 138, 136, 12, 19.25%, 0, 0, 3, 64.53, 14841, 659
1638183540, 0, 93, 138, 136, 12, 19.25%, 0, 0, 3, 66.20, 15184, 659
1638183545, 0, 93, 139, 137, 12, 19.25%, 0, 0, 3, 66.54, 15520, 659
1638183550, 0, 93, 139, 137, 12, 19.25%, 0, 0, 3, 67.40, 15865, 659
1638183555, 0, 93, 139, 137, 12, 19.25%, 0, 0, 3, 65.44, 16202, 659
1638183561, 0, 93, 139, 137, 12, 19.25%, 0, 0, 3, 64.07, 16534, 659
1638183566, 0, 93, 139, 137, 12, 19.25%, 0, 0, 3, 63.87, 16854, 659
1638183571, 0, 93, 139, 137, 12, 19.25%, 0, 0, 3, 63.03, 17181, 659
1638183576, 0, 93, 139, 137, 12, 19.25%, 0, 0, 3, 64.74, 17519, 659
1638183581, 0, 93, 140, 138, 12, 19.25%, 0, 0, 3, 64.61, 17856, 659
1638183587, 0, 93, 145, 143, 12, 19.33%, 0, 0, 3, 64.84, 18218, 662
1638183592, 0, 93, 148, 146, 12, 19.33%, 0, 0, 3, 50.65, 18355, 662
1638183597, 0, 9, 148, 145, 17, 19.33%, 0, 0, 3, 46.48, 18533, 662
1638183602, 0, 9, 148, 145, 17, 19.33%, 0, 0, 3, 66.66, 18900, 662
1638183608, 0, 9, 148, 145, 17, 19.33%, 0, 0, 3, 71.61, 19275, 662
1638183613, 0, 9, 148, 145, 17, 19.33%, 0, 0, 3, 72.95, 19652, 662
1638183618, 0, 9, 148, 145, 17, 19.33%, 0, 0, 3, 73.50, 20036, 662
1638183623, 0, 9, 148, 145, 17, 19.33%, 0, 0, 3, 73.23, 20414, 662
1638183628, 0, 9, 148, 145, 17, 19.33%, 0, 0, 3, 72.51, 20788, 662
1638183633, 0, 9, 148, 145, 17, 19.33%, 0, 0, 3, 72.98, 21164, 662
1638183638, 0, 9, 148, 145, 17, 19.33%, 0, 0, 3, 72.57, 21536, 662
1638183644, 0, 9, 148, 145, 17, 19.33%, 0, 0, 3, 73.48, 21915, 662
1638183649, 0, 9, 148, 145, 17, 19.33%, 0, 0, 3, 72.06, 22286, 662
1638183654, 0, 9, 151, 148, 17, 19.33%, 0, 0, 3, 58.10, 22535, 662
1638183659, 0, 133, 152, 148, 16, 19.39%, 0, 0, 4, 67.77, 22655, 664
1638183664, 0, 133, 153, 149, 16, 19.42%, 0, 0, 4, 67.70, 22995, 665
1638183669, 0, 133, 153, 149, 16, 19.42%, 0, 0, 4, 68.20, 23346, 665
1638183675, 0, 133, 153, 149, 16, 19.42%, 0, 0, 4, 69.15, 23703, 665
1638183680, 0, 133, 154, 150, 16, 19.42%, 0, 0, 4, 70.25, 24066, 665
1638183685, 0, 133, 154, 150, 16, 19.42%, 0, 0, 4, 70.22, 24432, 665
1638183690, 0, 133, 154, 150, 16, 19.42%, 0, 0, 4, 70.57, 24797, 665
1638183695, 0, 133, 157, 153, 16, 19.42%, 0, 0, 4, 70.32, 25161, 665
1638183700, 0, 133, 157, 153, 16, 19.42%, 0, 0, 4, 70.41, 25526, 665
1638183706, 0, 133, 157, 153, 16, 19.42%, 0, 0, 4, 70.49, 25894, 665
1638183711, 0, 133, 157, 153, 16, 19.42%, 0, 0, 4, 70.25, 26258, 665
1638183716, 0, 133, 157, 153, 16, 19.42%, 0, 0, 4, 70.26, 26622, 665
1638183721, 0, 133, 157, 153, 16, 19.42%, 0, 0, 4, 70.11, 26987, 665
1638183726, 0, 133, 160, 156, 16, 19.42%, 0, 0, 4, 46.39, 27191, 665
1638183731, 0, 101, 160, 155, 16, 19.42%, 0, 0, 4, 43.64, 27378, 665
1638183737, 0, 101, 160, 155, 16, 19.42%, 0, 0, 4, 51.36, 27647, 665
1638183742, 0, 101, 160, 155, 16, 19.42%, 0, 0, 4, 52.84, 27918, 665
1638183747, 0, 101, 160, 155, 16, 19.42%, 0, 0, 4, 53.03, 28185, 665
1638183752, 0, 101, 164, 159, 16, 19.42%, 0, 0, 4, 57.94, 28512, 665
1638183757, 0, 101, 168, 163, 16, 19.42%, 0, 0, 4, 59.15, 28819, 665
1638183762, 0, 101, 169, 164, 16, 19.42%, 0, 0, 4, 59.44, 29117, 665
1638183767, 0, 101, 169, 164, 16, 19.42%, 0, 0, 4, 60.25, 29422, 665
1638183772, 0, 101, 170, 165, 16, 19.42%, 0, 0, 4, 59.08, 29725, 665
1638183778, 0, 101, 170, 165, 16, 19.42%, 0, 0, 4, 54.63, 29990, 665
1638183783, 0, 101, 170, 165, 16, 19.42%, 0, 0, 4, 55.99, 30280, 665
1638183788, 0, 101, 170, 165, 16, 19.42%, 0, 0, 4, 55.55, 30568, 665
1638183793, 0, 101, 170, 165, 16, 19.42%, 0, 0, 4, 55.89, 30846, 665
1638183798, 0, 101, 170, 165, 16, 19.42%, 0, 0, 4, 58.06, 31141, 665
1638183803, 0, 101, 170, 165, 16, 19.42%, 0, 0, 4, 59.23, 31448, 665
1638183808, 0, 101, 170, 165, 16, 19.42%, 0, 0, 4, 59.19, 31746, 665
1638183813, 0, 101, 172, 167, 16, 19.42%, 0, 0, 4, 43.08, 31969, 665
1638183818, 0, 146, 172, 166, 15, 19.42%, 0, 0, 4, 34.10, 32111, 665
1638183823, 0, 146, 172, 166, 15, 19.42%, 0, 0, 4, 35.96, 32297, 665
1638183828, 0, 146, 173, 167, 15, 19.48%, 0, 0, 4, 38.05, 32487, 667
1638183833, 0, 146, 173, 167, 15, 19.48%, 0, 0, 4, 37.88, 32680, 667
1638183839, 0, 146, 173, 167, 15, 19.48%, 0, 0, 4, 36.60, 32869, 667
1638183844, 0, 146, 174, 168, 15, 19.51%, 0, 0, 4, 37.06, 33087, 668
1638183850, 0, 146, 178, 172, 15, 19.54%, 0, 0, 4, 45.57, 33373, 669
1638183855, 0, 146, 183, 177, 15, 19.54%, 0, 0, 4, 45.01, 33616, 669
1638183860, 0, 146, 184, 178, 15, 19.54%, 0, 0, 4, 47.34, 33862, 669
1638183865, 0, 146, 185, 179, 15, 19.54%, 0, 0, 4, 47.44, 34107, 669
1638183871, 0, 146, 185, 179, 15, 19.54%, 0, 0, 4, 47.86, 34349, 669
1638183876, 0, 146, 186, 180, 15, 19.57%, 0, 0, 4, 42.41, 34582, 670
1638183881, 0, 146, 186, 180, 15, 19.57%, 0, 0, 4, 34.97, 34760, 670
1638183886, 0, 146, 186, 180, 15, 19.57%, 0, 0, 4, 34.10, 34932, 670
1638183892, 0, 146, 186, 180, 15, 19.57%, 0, 0, 4, 36.22, 35113, 670
1638183897, 0, 146, 186, 180, 15, 19.57%, 0, 0, 4, 34.13, 35287, 670
1638183902, 0, 146, 187, 181, 15, 19.57%, 0, 0, 4, 33.46, 35456, 670
1638183907, 0, 146, 187, 181, 15, 19.57%, 0, 0, 4, 32.71, 35612, 670
1638183912, 0, 146, 187, 181, 15, 19.57%, 0, 0, 4, 36.70, 35801, 670
1638183917, 0, 146, 188, 182, 15, 19.63%, 0, 0, 4, 35.34, 35983, 672
1638183923, 0, 146, 189, 183, 15, 19.63%, 0, 0, 4, 35.62, 36193, 672
1638183928, 0, 146, 189, 183, 15, 19.63%, 0, 0, 4, 36.14, 36375, 672
1638183933, 0, 146, 190, 184, 15, 19.66%, 0, 0, 4, 37.54, 36569, 673
1638183938, 0, 146, 190, 184, 15, 19.66%, 0, 0, 4, 38.70, 36764, 673
1638183943, 0, 146, 193, 187, 15, 19.66%, 0, 0, 4, 38.54, 36962, 673
1638183948, 0, 146, 196, 190, 15, 19.66%, 0, 0, 4, 37.62, 37149, 673
1638183953, 0, 146, 196, 190, 15, 19.66%, 0, 0, 4, 22.62, 37247, 673
1638183958, 0, 40, 196, 189, 16, 19.66%, 0, 0, 4, 58.82, 37582, 673
1638183964, 0, 40, 196, 189, 16, 19.66%, 0, 0, 4, 66.10, 37934, 673
1638183969, 0, 40, 196, 189, 16, 19.66%, 0, 0, 4, 67.33, 38287, 673
1638183974, 0, 40, 196, 189, 16, 19.66%, 0, 0, 4, 67.86, 38635, 673
1638183979, 0, 40, 196, 189, 16, 19.66%, 0, 0, 4, 67.07, 38978, 673
1638183984, 0, 40, 196, 189, 16, 19.66%, 0, 0, 4, 66.40, 39322, 673
1638183989, 0, 40, 196, 189, 16, 19.66%, 0, 0, 4, 66.45, 39664, 673
1638183994, 0, 40, 196, 189, 16, 19.66%, 0, 0, 4, 65.63, 39992, 673
1638184000, 0, 40, 196, 189, 16, 19.66%, 0, 0, 4, 65.44, 40331, 673
1638184005, 0, 40, 196, 189, 16, 19.66%, 0, 0, 4, 33.66, 40484, 673
1638184010, 0, 170, 196, 188, 15, 19.66%, 0, 0, 4, 45.21, 40700, 673
1638184015, 0, 170, 196, 188, 15, 19.66%, 0, 0, 4, 50.43, 40968, 673
1638184020, 0, 170, 196, 188, 15, 19.66%, 0, 0, 4, 51.48, 41227, 673
1638184025, 0, 170, 196, 188, 15, 19.66%, 0, 0, 4, 51.80, 41497, 673
1638184030, 0, 170, 197, 189, 15, 19.68%, 0, 0, 4, 55.86, 41786, 674
1638184036, 0, 170, 197, 189, 15, 19.68%, 0, 0, 4, 57.01, 42086, 674
1638184041, 0, 170, 197, 189, 15, 19.68%, 0, 0, 4, 56.56, 42379, 674
1638184046, 0, 170, 197, 189, 15, 19.68%, 0, 0, 4, 57.16, 42668, 674
1638184051, 0, 170, 197, 189, 15, 19.68%, 0, 0, 4, 53.61, 42930, 674
1638184056, 0, 170, 197, 189, 15, 19.68%, 0, 0, 4, 53.26, 43206, 674
1638184061, 0, 170, 197, 189, 15, 19.68%, 0, 0, 4, 52.56, 43470, 674
1638184066, 0, 170, 197, 189, 15, 19.68%, 0, 0, 4, 53.38, 43740, 674
1638184071, 0, 170, 197, 189, 15, 19.68%, 0, 0, 4, 52.99, 44015, 674
1638184076, 0, 170, 197, 189, 15, 19.68%, 0, 0, 4, 54.47, 44290, 674
1638184081, 0, 170, 197, 189, 15, 19.68%, 0, 0, 4, 55.30, 44570, 674
1638184086, 0, 170, 197, 189, 15, 19.68%, 0, 0, 4, 42.09, 44790, 674
1638184091, 0, 57, 197, 188, 14, 19.68%, 0, 0, 4, 45.53, 44978, 674
1638184097, 0, 57, 197, 188, 14, 19.68%, 0, 0, 4, 63.49, 45324, 674
1638184102, 0, 57, 197, 188, 14, 19.68%, 0, 0, 4, 67.64, 45666, 674
1638184107, 0, 57, 197, 188, 14, 19.68%, 0, 0, 4, 61.29, 45992, 674
1638184112, 0, 57, 197, 188, 14, 19.68%, 0, 0, 4, 26.31, 46074, 674
1638184117, 0, 103, 197, 187, 13, 19.68%, 0, 0, 4, 41.05, 46294, 674
1638184122, 0, 103, 197, 187, 13, 19.68%, 0, 0, 4, 45.07, 46526, 674
1638184127, 0, 103, 197, 187, 13, 19.68%, 0, 0, 4, 45.42, 46757, 674
1638184132, 0, 103, 197, 187, 13, 19.68%, 0, 0, 4, 47.09, 46997, 674
1638184137, 0, 103, 198, 188, 13, 19.71%, 0, 0, 4, 51.79, 47264, 675
1638184142, 0, 103, 198, 188, 13, 19.71%, 0, 0, 4, 50.62, 47518, 675
1638184147, 0, 103, 198, 188, 13, 19.71%, 0, 0, 4, 51.50, 47779, 675
1638184152, 0, 103, 198, 188, 13, 19.71%, 0, 0, 4, 51.10, 48039, 675
1638184157, 0, 103, 198, 188, 13, 19.71%, 0, 0, 4, 50.08, 48292, 675
1638184162, 0, 103, 198, 188, 13, 19.71%, 0, 0, 4, 49.32, 48536, 675
1638184167, 0, 103, 198, 188, 13, 19.71%, 0, 0, 4, 48.75, 48781, 675
1638184173, 0, 103, 198, 188, 13, 19.71%, 0, 0, 4, 48.28, 49032, 675
1638184178, 0, 103, 198, 188, 13, 19.71%, 0, 0, 4, 49.50, 49285, 675
1638184183, 0, 103, 198, 188, 13, 19.71%, 0, 0, 4, 51.14, 49555, 675
1638184188, 0, 103, 198, 188, 13, 19.71%, 0, 0, 4, 51.60, 49815, 675
1638184193, 0, 103, 198, 188, 13, 19.71%, 0, 0, 4, 52.17, 50086, 675
1638184198, 0, 103, 198, 188, 13, 19.71%, 0, 0, 4, 48.55, 50333, 675
1638184203, 0, 103, 198, 188, 13, 19.71%, 0, 0, 4, 7.45, 50408, 675
1638184208, 0, 59, 198, 187, 12, 19.71%, 0, 0, 4, 68.04, 50713, 675
1638184214, 0, 59, 198, 187, 12, 19.71%, 0, 0, 4, 74.61, 51105, 675
1638184219, 0, 59, 198, 187, 12, 19.71%, 0, 0, 4, 75.84, 51493, 675
1638184224, 0, 59, 198, 187, 12, 19.71%, 0, 0, 4, 75.89, 51886, 675
1638184229, 0, 59, 198, 187, 12, 19.71%, 0, 0, 4, 74.67, 52270, 675
1638184234, 0, 59, 198, 187, 12, 19.71%, 0, 0, 4, 73.71, 52646, 675
1638184239, 0, 59, 198, 187, 12, 19.71%, 0, 0, 4, 49.83, 52913, 675
1638184245, 0, 187, 198, 186, 11, 19.71%, 0, 0, 4, 34.64, 53041, 675
1638184250, 0, 187, 198, 186, 11, 19.71%, 0, 0, 4, 39.52, 53247, 675
1638184255, 0, 187, 198, 186, 11, 19.71%, 0, 0, 4, 39.79, 53448, 675
1638184260, 0, 187, 198, 186, 11, 19.71%, 0, 0, 4, 38.82, 53648, 675
1638184265, 0, 187, 198, 186, 11, 19.71%, 0, 0, 4, 38.62, 53846, 675
1638184270, 0, 187, 199, 187, 11, 19.74%, 0, 0, 5, 43.46, 54063, 676
1638184275, 0, 187, 200, 188, 11, 19.74%, 0, 0, 5, 45.69, 54304, 676
1638184280, 0, 187, 200, 188, 11, 19.74%, 0, 0, 5, 47.95, 54550, 676
1638184285, 0, 187, 200, 188, 11, 19.74%, 0, 0, 5, 47.19, 54790, 676
1638184290, 0, 187, 200, 188, 11, 19.74%, 0, 0, 5, 47.97, 55032, 676
1638184295, 0, 187, 200, 188, 11, 19.74%, 0, 0, 5, 43.59, 55257, 676
1638184300, 0, 187, 200, 188, 11, 19.74%, 0, 0, 5, 37.75, 55453, 676
1638184305, 0, 187, 200, 188, 11, 19.74%, 0, 0, 5, 31.68, 55607, 676
1638184311, 0, 187, 200, 188, 11, 19.74%, 0, 0, 5, 35.55, 55791, 676
1638184316, 0, 187, 200, 188, 11, 19.74%, 0, 0, 5, 37.44, 55992, 676
1638184321, 0, 187, 200, 188, 11, 19.74%, 0, 0, 5, 37.87, 56188, 676
1638184326, 0, 187, 200, 188, 11, 19.74%, 0, 0, 5, 37.38, 56372, 676
1638184331, 0, 187, 200, 188, 11, 19.74%, 0, 0, 5, 32.37, 56536, 676
1638184336, 0, 187, 200, 188, 11, 19.74%, 0, 0, 5, 39.72, 56743, 676
1638184341, 0, 187, 200, 188, 11, 19.74%, 0, 0, 5, 39.62, 56945, 676
1638184346, 0, 187, 200, 188, 11, 19.74%, 0, 0, 5, 38.28, 57137, 676
1638184351, 0, 187, 200, 188, 11, 19.74%, 0, 0, 5, 29.17, 57285, 676
1638184357, 0, 27, 201, 188, 11, 19.80%, 0, 0, 5, 35.22, 57447, 678
1638184362, 0, 27, 201, 188, 11, 19.80%, 0, 0, 5, 66.82, 57836, 678
1638184367, 0, 27, 201, 188, 11, 19.80%, 0, 0, 5, 73.33, 58223, 678
1638184372, 0, 27, 201, 188, 11, 19.80%, 0, 0, 5, 73.34, 58605, 678
1638184377, 0, 27, 201, 188, 11, 19.80%, 0, 0, 5, 73.46, 58988, 678
1638184383, 0, 27, 201, 188, 11, 19.80%, 0, 0, 5, 74.25, 59373, 678
1638184388, 0, 27, 201, 188, 11, 19.80%, 0, 0, 5, 73.46, 59753, 678
1638184393, 0, 27, 201, 188, 11, 19.80%, 0, 0, 5, 73.41, 60130, 678
1638184398, 0, 27, 201, 188, 11, 19.80%, 0, 0, 5, 71.74, 60495, 678
1638184403, 0, 27, 201, 188, 11, 19.80%, 0, 0, 5, 71.38, 60863, 678
1638184408, 0, 27, 201, 188, 11, 19.80%, 0, 0, 5, 71.50, 61233, 678
1638184413, 0, 27, 201, 188, 11, 19.80%, 0, 0, 5, 69.73, 61597, 678
1638184419, 0, 27, 201, 188, 11, 19.80%, 0, 0, 5, 28.37, 61686, 678
1638184424, 0, 37, 201, 187, 10, 19.80%, 0, 0, 5, 62.63, 62047, 678
1638184429, 0, 37, 201, 187, 10, 19.80%, 0, 0, 5, 70.02, 62417, 678
1638184434, 0, 37, 201, 187, 10, 19.80%, 0, 0, 5, 72.30, 62792, 678
1638184439, 0, 37, 201, 187, 10, 19.80%, 0, 0, 5, 72.63, 63167, 678
1638184444, 0, 37, 201, 187, 10, 19.80%, 0, 0, 5, 72.99, 63542, 678
1638184449, 0, 37, 201, 187, 10, 19.80%, 0, 0, 5, 72.98, 63916, 678
1638184455, 0, 37, 201, 187, 10, 19.80%, 0, 0, 5, 72.81, 64290, 678
1638184460, 0, 37, 201, 187, 10, 19.80%, 0, 0, 5, 72.84, 64663, 678
1638184465, 0, 37, 201, 187, 10, 19.80%, 0, 0, 5, 72.24, 65028, 678
1638184470, 0, 37, 201, 187, 10, 19.80%, 0, 0, 5, 72.43, 65399, 678
1638184476, 0, 37, 202, 188, 10, 19.80%, 0, 0, 5, 68.36, 65794, 678
1638184482, 0, 188, 202, 187, 9, 19.80%, 0, 0, 5, 34.06, 65911, 678
1638184487, 0, 188, 202, 187, 9, 19.80%, 0, 0, 5, 37.02, 66100, 678
1638184492, 0, 188, 202, 187, 9, 19.80%, 0, 0, 5, 35.09, 66283, 678
1638184497, 0, 188, 202, 187, 9, 19.80%, 0, 0, 5, 35.05, 66466, 678
1638184502, 0, 188, 202, 187, 9, 19.80%, 0, 0, 5, 38.58, 66670, 678
1638184507, 0, 188, 202, 187, 9, 19.80%, 0, 0, 5, 38.03, 66867, 678
1638184512, 0, 188, 202, 187, 9, 19.80%, 0, 0, 5, 46.61, 67107, 678
1638184517, 0, 188, 202, 187, 9, 19.80%, 0, 0, 5, 48.54, 67360, 678
1638184522, 0, 188, 202, 187, 9, 19.80%, 0, 0, 5, 49.16, 67609, 678
1638184527, 0, 188, 202, 187, 9, 19.80%, 0, 0, 5, 48.47, 67860, 678
1638184533, 0, 188, 202, 187, 9, 19.80%, 0, 0, 5, 43.29, 68080, 678
1638184538, 0, 188, 202, 187, 9, 19.80%, 0, 0, 5, 42.82, 68296, 678
1638184543, 0, 188, 202, 187, 9, 19.80%, 0, 0, 5, 41.00, 68501, 678
1638184548, 0, 188, 202, 187, 9, 19.80%, 0, 0, 5, 41.81, 68719, 678
1638184553, 0, 188, 202, 187, 9, 19.80%, 0, 0, 5, 41.44, 68926, 678
1638184558, 0, 188, 202, 187, 9, 19.80%, 0, 0, 5, 40.18, 69127, 678
1638184563, 0, 188, 203, 188, 9, 19.86%, 0, 0, 5, 37.88, 69318, 680
1638184568, 0, 188, 203, 188, 9, 19.86%, 0, 0, 5, 40.26, 69520, 680
1638184573, 0, 188, 203, 188, 9, 19.86%, 0, 0, 5, 38.47, 69709, 680
1638184578, 0, 188, 203, 188, 9, 19.86%, 0, 0, 5, 37.58, 69891, 680
1638184583, 0, 188, 203, 188, 9, 19.86%, 0, 0, 5, 39.32, 70089, 680
1638184588, 0, 188, 204, 189, 9, 19.95%, 0, 0, 5, 24.41, 70200, 683
1638184594, 0, 182, 204, 188, 8, 19.95%, 0, 0, 5, 33.43, 70360, 683
1638184599, 0, 182, 204, 188, 8, 19.95%, 0, 0, 5, 36.57, 70545, 683
1638184604, 0, 182, 204, 188, 8, 19.95%, 0, 0, 5, 42.09, 70758, 683
1638184609, 0, 182, 204, 188, 8, 19.95%, 0, 0, 5, 38.53, 70956, 683
1638184614, 0, 182, 204, 188, 8, 19.95%, 0, 0, 5, 39.39, 71155, 683
1638184619, 0, 182, 204, 188, 8, 19.95%, 0, 0, 5, 49.46, 71411, 683
1638184624, 0, 182, 204, 188, 8, 19.95%, 0, 0, 5, 50.84, 71677, 683
1638184629, 0, 182, 204, 188, 8, 19.95%, 0, 0, 5, 51.81, 71940, 683
1638184634, 0, 182, 204, 188, 8, 19.95%, 0, 0, 5, 50.63, 72190, 683
1638184639, 0, 182, 204, 188, 8, 19.95%, 0, 0, 5, 48.46, 72436, 683
1638184644, 0, 182, 204, 188, 8, 19.95%, 0, 0, 5, 44.28, 72655, 683
1638184650, 0, 182, 204, 188, 8, 19.95%, 0, 0, 5, 45.59, 72881, 683
1638184655, 0, 182, 204, 188, 8, 19.95%, 0, 0, 5, 45.71, 73112, 683
1638184660, 0, 182, 204, 188, 8, 19.95%, 0, 0, 5, 42.90, 73321, 683
1638184665, 0, 182, 204, 188, 8, 19.95%, 0, 0, 5, 46.74, 73552, 683
1638184670, 0, 182, 204, 188, 8, 19.95%, 0, 0, 5, 46.34, 73796, 683
1638184675, 0, 182, 204, 188, 8, 19.95%, 0, 0, 5, 50.59, 74053, 683
1638184680, 0, 182, 204, 188, 8, 19.95%, 0, 0, 5, 49.07, 74301, 683
1638184685, 0, 182, 205, 189, 8, 19.95%, 0, 0, 5, 37.42, 74502, 683
1638184690, 0, 138, 205, 188, 7, 19.95%, 0, 0, 5, 32.23, 74623, 683
1638184695, 0, 138, 205, 188, 7, 19.95%, 0, 0, 5, 63.02, 74988, 683
1638184701, 0, 138, 205, 188, 7, 19.95%, 0, 0, 5, 68.82, 75354, 683
1638184706, 0, 138, 205, 188, 7, 19.95%, 0, 0, 5, 71.26, 75720, 683
1638184711, 0, 138, 205, 188, 7, 19.95%, 0, 0, 5, 71.42, 76092, 683
1638184716, 0, 138, 205, 188, 7, 19.95%, 0, 0, 5, 71.14, 76460, 683
1638184721, 0, 138, 205, 188, 7, 19.95%, 0, 0, 5, 71.45, 76832, 683
1638184726, 0, 138, 205, 188, 7, 19.95%, 0, 0, 5, 70.74, 77194, 683
1638184732, 0, 138, 205, 188, 7, 19.95%, 0, 0, 5, 69.73, 77547, 683
1638184737, 0, 138, 205, 188, 7, 19.95%, 0, 0, 5, 65.77, 77892, 683
1638184742, 0, 138, 205, 188, 7, 19.95%, 0, 0, 5, 68.94, 78254, 683
1638184747, 0, 138, 205, 188, 7, 19.95%, 0, 0, 5, 68.60, 78611, 683
1638184752, 0, 138, 206, 189, 7, 20.12%, 0, 0, 5, 41.80, 78826, 689
1638184758, 0, 46, 206, 188, 6, 20.12%, 0, 0, 5, 43.71, 78995, 689
1638184763, 0, 46, 206, 188, 6, 20.12%, 0, 0, 5, 67.29, 79372, 689
1638184768, 0, 46, 206, 188, 6, 20.12%, 0, 0, 5, 72.36, 79753, 689
1638184773, 0, 46, 206, 188, 6, 20.12%, 0, 0, 5, 73.42, 80135, 689
1638184778, 0, 46, 206, 188, 6, 20.12%, 0, 0, 5, 73.24, 80518, 689
1638184783, 0, 46, 206, 188, 6, 20.12%, 0, 0, 5, 73.05, 80897, 689
1638184789, 0, 46, 206, 188, 6, 20.12%, 0, 0, 5, 74.15, 81283, 689
1638184794, 0, 46, 206, 188, 6, 20.12%, 0, 0, 5, 60.48, 81602, 689
1638184799, 0, 175, 206, 187, 5, 20.12%, 0, 0, 5, 25.54, 81678, 689
1638184804, 0, 175, 206, 187, 5, 20.12%, 0, 0, 5, 46.84, 81946, 689
1638184809, 0, 175, 206, 187, 5, 20.12%, 0, 0, 5, 52.73, 82225, 689
1638184814, 0, 175, 206, 187, 5, 20.12%, 0, 0, 5, 51.22, 82493, 689
1638184819, 0, 175, 206, 187, 5, 20.12%, 0, 0, 5, 52.52, 82762, 689
1638184824, 0, 175, 206, 187, 5, 20.12%, 0, 0, 5, 56.07, 83048, 689
1638184829, 0, 175, 206, 187, 5, 20.12%, 0, 0, 5, 57.46, 83349, 689
1638184834, 0, 175, 206, 187, 5, 20.12%, 0, 0, 5, 55.09, 83629, 689
1638184840, 0, 175, 207, 188, 5, 20.12%, 0, 0, 5, 54.14, 83903, 689
1638184845, 0, 175, 207, 188, 5, 20.12%, 0, 0, 5, 50.39, 84161, 689
1638184850, 0, 175, 207, 188, 5, 20.12%, 0, 0, 5, 46.31, 84400, 689
1638184855, 0, 175, 207, 188, 5, 20.12%, 0, 0, 5, 49.43, 84653, 689
1638184860, 0, 175, 207, 188, 5, 20.12%, 0, 0, 5, 49.61, 84901, 689
1638184865, 0, 175, 207, 188, 5, 20.12%, 0, 0, 5, 47.79, 85142, 689
1638184870, 0, 175, 207, 188, 5, 20.12%, 0, 0, 5, 49.15, 85394, 689
1638184875, 0, 175, 207, 188, 5, 20.12%, 0, 0, 5, 47.95, 85634, 689
1638184880, 0, 175, 207, 188, 5, 20.12%, 0, 0, 5, 45.97, 85868, 689
1638184885, 0, 175, 207, 188, 5, 20.12%, 0, 0, 5, 26.16, 85983, 689
1638184891, 0, 152, 207, 187, 4, 20.12%, 0, 0, 5, 49.24, 86222, 689
1638184896, 0, 152, 207, 187, 4, 20.12%, 0, 0, 5, 62.88, 86562, 689
1638184901, 0, 152, 207, 187, 4, 20.12%, 0, 0, 5, 65.13, 86901, 689
1638184906, 0, 152, 207, 187, 4, 20.12%, 0, 0, 5, 65.32, 87239, 689
1638184911, 0, 152, 207, 187, 4, 20.12%, 0, 0, 5, 65.47, 87578, 689
1638184916, 0, 152, 207, 187, 4, 20.12%, 0, 0, 5, 64.97, 87912, 689
1638184922, 0, 152, 207, 187, 4, 20.12%, 0, 0, 5, 62.96, 88230, 689
1638184927, 0, 152, 207, 187, 4, 20.12%, 0, 0, 5, 63.46, 88557, 689
1638184932, 0, 152, 207, 187, 4, 20.12%, 0, 0, 5, 64.04, 88879, 689
1638184937, 0, 152, 207, 187, 4, 20.12%, 0, 0, 5, 64.24, 89212, 689
1638184942, 0, 152, 207, 187, 4, 20.12%, 0, 0, 5, 64.47, 89544, 689
1638184947, 0, 152, 207, 187, 4, 20.12%, 0, 0, 5, 67.31, 89894, 689
1638184952, 0, 152, 207, 187, 4, 20.12%, 0, 0, 5, 63.31, 90234, 689
1638184957, 0, 153, 207, 186, 4, 20.12%, 0, 0, 5, 30.01, 90329, 689
1638184963, 0, 153, 207, 186, 4, 20.12%, 0, 0, 5, 56.74, 90656, 689
1638184968, 0, 153, 207, 186, 4, 20.12%, 0, 0, 5, 61.87, 90978, 689
1638184973, 0, 153, 207, 186, 4, 20.12%, 0, 0, 5, 62.19, 91299, 689
1638184978, 0, 153, 207, 186, 4, 20.12%, 0, 0, 5, 63.24, 91627, 689
1638184983, 0, 153, 207, 186, 4, 20.12%, 0, 0, 5, 64.27, 91961, 689
1638184988, 0, 153, 207, 186, 4, 20.12%, 0, 0, 5, 64.97, 92287, 689
1638184993, 0, 153, 207, 186, 4, 20.12%, 0, 0, 5, 65.33, 92626, 689
1638184999, 0, 153, 207, 186, 4, 20.12%, 0, 0, 5, 64.37, 92956, 689
1638185004, 0, 153, 207, 186, 4, 20.12%, 0, 0, 5, 65.05, 93297, 689
1638185009, 0, 153, 207, 186, 4, 20.12%, 0, 0, 5, 64.23, 93630, 689
1638185014, 0, 153, 207, 186, 4, 20.12%, 0, 0, 5, 60.93, 93939, 689
1638185019, 0, 153, 207, 186, 4, 20.12%, 0, 0, 5, 62.59, 94262, 689
1638185025, 0, 153, 208, 187, 4, 20.12%, 0, 0, 5, 59.38, 94541, 689
1638185030, 0, 153, 208, 187, 4, 20.12%, 0, 0, 5, 25.49, 94620, 689
1638185035, 0, 137, 208, 186, 3, 20.12%, 0, 0, 5, 46.08, 94849, 689
1638185040, 0, 137, 208, 186, 3, 20.12%, 0, 0, 5, 55.84, 95153, 689
1638185045, 0, 137, 208, 186, 3, 20.12%, 0, 0, 5, 57.71, 95451, 689
1638185050, 0, 137, 208, 186, 3, 20.12%, 0, 0, 5, 59.68, 95758, 689
1638185055, 0, 137, 208, 186, 3, 20.12%, 0, 0, 5, 61.29, 96078, 689
1638185061, 0, 137, 208, 186, 3, 20.12%, 0, 0, 5, 62.04, 96400, 689
1638185066, 0, 137, 208, 186, 3, 20.12%, 0, 0, 5, 61.96, 96720, 689
1638185071, 0, 137, 208, 186, 3, 20.12%, 0, 0, 5, 61.00, 97036, 689
1638185076, 0, 137, 208, 186, 3, 20.12%, 0, 0, 5, 61.27, 97345, 689
1638185081, 0, 137, 208, 186, 3, 20.12%, 0, 0, 5, 60.99, 97651, 689
1638185086, 0, 137, 208, 186, 3, 20.12%, 0, 0, 5, 61.08, 97969, 689
1638185091, 0, 137, 208, 186, 3, 20.12%, 0, 0, 5, 60.28, 98270, 689
1638185096, 0, 137, 208, 186, 3, 20.12%, 0, 0, 5, 61.09, 98577, 689
1638185101, 0, 137, 208, 186, 3, 20.12%, 0, 0, 5, 53.40, 98857, 689
1638185106, 0, 137, 208, 186, 3, 20.12%, 0, 0, 5, 24.12, 98936, 689
1638185112, 0, 114, 208, 185, 3, 20.12%, 0, 0, 5, 32.68, 99115, 689
1638185117, 0, 114, 208, 185, 3, 20.12%, 0, 0, 5, 35.48, 99300, 689
1638185122, 0, 114, 208, 185, 3, 20.12%, 0, 0, 5, 35.42, 99484, 689
1638185127, 0, 114, 208, 185, 3, 20.12%, 0, 0, 5, 36.46, 99670, 689
1638185132, 0, 114, 208, 185, 3, 20.12%, 0, 0, 5, 36.63, 99854, 689
1638185137, 0, 114, 208, 185, 3, 20.12%, 0, 0, 5, 43.81, 100074, 689
1638185142, 0, 114, 210, 187, 3, 20.12%, 0, 0, 5, 43.20, 100300, 689
1638185147, 0, 114, 210, 187, 3, 20.12%, 0, 0, 5, 44.93, 100534, 689
1638185152, 0, 114, 210, 187, 3, 20.12%, 0, 0, 5, 41.60, 100741, 689
1638185157, 0, 114, 210, 187, 3, 20.12%, 0, 0, 5, 42.21, 100952, 689
1638185162, 0, 114, 210, 187, 3, 20.12%, 0, 0, 5, 39.48, 101161, 689
1638185168, 0, 114, 210, 187, 3, 20.12%, 0, 0, 5, 37.93, 101349, 689
1638185173, 0, 114, 210, 187, 3, 20.12%, 0, 0, 5, 33.99, 101530, 689
1638185178, 0, 114, 210, 187, 3, 20.12%, 0, 0, 5, 38.69, 101736, 689
1638185183, 0, 114, 210, 187, 3, 20.12%, 0, 0, 5, 37.85, 101929, 689
1638185188, 0, 114, 210, 187, 3, 20.12%, 0, 0, 5, 37.83, 102124, 689
1638185193, 0, 114, 210, 187, 3, 20.12%, 0, 0, 5, 40.98, 102328, 689
1638185198, 0, 114, 211, 188, 3, 20.15%, 0, 0, 5, 42.47, 102544, 690
1638185203, 0, 114, 211, 188, 3, 20.15%, 0, 0, 5, 37.32, 102727, 690
1638185208, 0, 114, 211, 188, 3, 20.15%, 0, 0, 5, 39.32, 102926, 690
1638185214, 0, 114, 211, 188, 3, 20.15%, 0, 0, 5, 42.37, 103148, 690
1638185219, 0, 114, 211, 188, 3, 20.15%, 0, 0, 5, 30.64, 103303, 690
1638185224, 0, 68, 211, 187, 4, 20.15%, 0, 0, 5, 33.68, 103437, 690
1638185229, 0, 68, 211, 187, 4, 20.15%, 0, 0, 5, 66.83, 103821, 690
1638185234, 0, 68, 211, 187, 4, 20.15%, 0, 0, 5, 73.79, 104211, 690
1638185239, 0, 68, 211, 187, 4, 20.15%, 0, 0, 5, 74.54, 104597, 690
1638185244, 0, 68, 211, 187, 4, 20.15%, 0, 0, 5, 71.68, 104965, 690
1638185250, 0, 68, 211, 187, 4, 20.15%, 0, 0, 5, 69.60, 105325, 690
1638185255, 0, 68, 211, 187, 4, 20.15%, 0, 0, 5, 69.53, 105684, 690
1638185260, 0, 68, 211, 187, 4, 20.15%, 0, 0, 5, 69.35, 106039, 690
1638185265, 0, 68, 211, 187, 4, 20.15%, 0, 0, 5, 68.60, 106392, 690
1638185270, 0, 68, 211, 187, 4, 20.15%, 0, 0, 5, 68.02, 106744, 690
1638185275, 0, 68, 211, 187, 4, 20.15%, 0, 0, 5, 66.17, 107087, 690
1638185281, 0, 68, 211, 187, 4, 20.15%, 0, 0, 5, 62.81, 107422, 690
1638185286, 0, 68, 211, 187, 4, 20.15%, 0, 1, 5, 2.53, 107508, 690
1638185292, 0, 198, 211, 186, 4, 20.15%, 0, 1, 5, 33.09, 107700, 690
1638185297, 0, 198, 211, 186, 4, 20.15%, 0, 1, 5, 37.11, 107895, 690
1638185302, 0, 198, 211, 186, 4, 20.15%, 0, 1, 5, 38.21, 108090, 690
1638185307, 0, 198, 211, 186, 4, 20.15%, 0, 1, 5, 39.05, 108281, 690
1638185312, 0, 198, 211, 186, 4, 20.15%, 0, 1, 5, 38.31, 108475, 690
1638185317, 0, 198, 211, 186, 4, 20.15%, 0, 1, 5, 44.77, 108706, 690
1638185322, 0, 198, 211, 186, 4, 20.15%, 0, 1, 5, 47.25, 108945, 690
1638185327, 0, 198, 211, 186, 4, 20.15%, 0, 1, 5, 48.23, 109190, 690
1638185332, 0, 198, 211, 186, 4, 20.15%, 0, 1, 5, 48.29, 109436, 690
1638185337, 0, 198, 211, 186, 4, 20.15%, 0, 1, 5, 45.76, 109671, 690
1638185342, 0, 198, 211, 186, 4, 20.15%, 0, 1, 5, 41.77, 109879, 690
1638185347, 0, 198, 211, 186, 4, 20.15%, 0, 1, 5, 37.03, 110069, 690
1638185352, 0, 198, 211, 186, 4, 20.15%, 0, 1, 5, 38.07, 110264, 690
1638185358, 0, 198, 211, 186, 4, 20.15%, 0, 1, 5, 37.44, 110452, 690
1638185363, 0, 198, 211, 186, 4, 20.15%, 0, 1, 5, 40.63, 110666, 690
1638185368, 0, 198, 211, 186, 4, 20.15%, 0, 1, 5, 39.29, 110858, 690
1638185373, 0, 198, 211, 186, 4, 20.15%, 0, 1, 5, 39.11, 111060, 690
1638185378, 0, 198, 211, 186, 4, 20.15%, 0, 1, 5, 38.22, 111244, 690
1638185383, 0, 198, 211, 186, 4, 20.15%, 0, 1, 5, 37.97, 111433, 690
1638185388, 0, 198, 211, 186, 4, 20.15%, 0, 1, 5, 39.26, 111633, 690
1638185393, 0, 198, 211, 186, 4, 20.15%, 0, 1, 5, 27.53, 111773, 690
1638185399, 0, 44, 211, 185, 3, 20.15%, 0, 1, 5, 50.69, 111998, 690
1638185404, 0, 44, 211, 185, 3, 20.15%, 0, 1, 5, 72.14, 112392, 690
1638185409, 0, 44, 211, 185, 3, 20.15%, 0, 1, 5, 76.29, 112786, 690
1638185414, 0, 44, 211, 185, 3, 20.15%, 0, 1, 5, 75.55, 113173, 690
1638185419, 0, 44, 211, 185, 3, 20.15%, 0, 1, 5, 75.29, 113559, 690
1638185424, 0, 44, 211, 185, 3, 20.15%, 0, 1, 5, 75.07, 113945, 690
1638185429, 0, 44, 211, 185, 3, 20.15%, 0, 1, 5, 75.00, 114331, 690
1638185434, 0, 44, 211, 185, 3, 20.15%, 0, 1, 5, 45.91, 114565, 690
1638185440, 0, 208, 211, 183, 2, 20.15%, 0, 1, 5, 27.60, 114654, 690
1638185445, 0, 208, 211, 183, 2, 20.15%, 0, 1, 5, 43.34, 114890, 690
1638185450, 0, 208, 211, 183, 2, 20.15%, 0, 1, 5, 42.81, 115110, 690
1638185455, 0, 208, 211, 183, 2, 20.15%, 0, 1, 5, 44.79, 115337, 690
1638185460, 0, 208, 211, 183, 2, 20.15%, 0, 1, 5, 46.44, 115575, 690
1638185465, 0, 208, 211, 183, 2, 20.15%, 0, 1, 5, 51.44, 115834, 690
1638185470, 0, 208, 211, 183, 2, 20.15%, 0, 1, 5, 53.02, 116101, 690
1638185475, 0, 208, 211, 183, 2, 20.15%, 0, 1, 5, 55.16, 116381, 690
1638185480, 0, 208, 211, 183, 2, 20.15%, 0, 1, 5, 57.52, 116671, 690
1638185485, 0, 208, 211, 183, 2, 20.15%, 0, 1, 5, 52.42, 116935, 690
1638185490, 0, 208, 211, 183, 2, 20.15%, 0, 1, 5, 50.70, 117188, 690
1638185496, 0, 208, 211, 183, 2, 20.15%, 0, 1, 5, 50.64, 117447, 690
1638185501, 0, 208, 211, 183, 2, 20.15%, 0, 1, 5, 50.66, 117702, 690
1638185506, 0, 208, 211, 183, 2, 20.15%, 0, 1, 5, 49.31, 117946, 690
1638185511, 0, 208, 211, 183, 2, 20.15%, 0, 1, 5, 50.37, 118207, 690
1638185516, 0, 208, 211, 183, 2, 20.15%, 0, 1, 5, 48.79, 118454, 690
1638185521, 0, 208, 211, 183, 2, 20.15%, 0, 1, 5, 51.52, 118715, 690
1638185526, 0, 208, 211, 183, 2, 20.15%, 0, 1, 5, 36.78, 118905, 690
1638185531, 0, 21, 211, 182, 1, 20.15%, 0, 2, 5, 45.69, 118993, 690
1638185536, 0, 21, 211, 182, 1, 20.15%, 0, 2, 5, 64.10, 119348, 690
1638185541, 0, 21, 211, 182, 1, 20.15%, 0, 2, 5, 68.78, 119699, 690
1638185546, 0, 21, 211, 182, 1, 20.15%, 0, 2, 5, 68.33, 120050, 690
1638185552, 0, 21, 211, 182, 1, 20.15%, 0, 2, 5, 69.82, 120414, 690
1638185557, 0, 21, 211, 182, 1, 20.15%, 0, 2, 5, 69.50, 120773, 690
1638185562, 0, 21, 211, 182, 1, 20.15%, 0, 2, 5, 69.19, 121132, 690
1638185567, 0, 21, 211, 182, 1, 20.15%, 0, 2, 5, 68.45, 121487, 690
1638185572, 0, 21, 211, 182, 1, 20.15%, 0, 2, 5, 67.83, 121840, 690
1638185578, 0, 21, 211, 182, 1, 20.15%, 0, 2, 5, 67.87, 122195, 690
1638185583, 0, 21, 211, 182, 1, 20.15%, 0, 2, 5, 68.78, 122550, 690
1638185588, 0, 21, 211, 182, 1, 20.15%, 0, 2, 5, 67.80, 122891, 690
1638185593, 0, 21, 211, 182, 1, 20.15%, 0, 2, 5, 55.14, 123183, 690
1638185598, 0, 36, 211, 181, 1, 20.15%, 0, 2, 5, 30.52, 123283, 690
1638185603, 0, 36, 211, 181, 1, 20.15%, 0, 2, 5, 60.30, 123630, 690
1638185608, 0, 36, 211, 181, 1, 20.15%, 0, 2, 5, 66.45, 123979, 690
1638185613, 0, 36, 211, 181, 1, 20.15%, 0, 2, 5, 66.35, 124323, 690
1638185618, 0, 36, 211, 181, 1, 20.15%, 0, 2, 5, 67.52, 124677, 690
1638185624, 0, 36, 211, 181, 1, 20.15%, 0, 2, 5, 67.79, 125030, 690
1638185629, 0, 36, 211, 181, 1, 20.15%, 0, 2, 5, 71.97, 125404, 690
1638185634, 0, 36, 211, 181, 1, 20.15%, 0, 2, 5, 72.29, 125774, 690
1638185639, 0, 36, 211, 181, 1, 20.15%, 0, 2, 5, 72.21, 126143, 690
1638185644, 0, 36, 211, 181, 1, 20.15%, 0, 2, 5, 71.95, 126514, 690
1638185649, 0, 36, 211, 181, 1, 20.15%, 0, 2, 5, 71.80, 126884, 690
1638185654, 0, 36, 211, 181, 1, 20.15%, 0, 2, 5, 71.22, 127250, 690
1638185660, 0, 36, 211, 181, 1, 20.15%, 0, 2, 5, 34.09, 127393, 690
1638185665, 0, 155, 211, 180, 1, 20.15%, 0, 2, 5, 58.42, 127697, 690
1638185670, 0, 155, 211, 180, 1, 20.15%, 0, 2, 5, 66.99, 128058, 690
1638185675, 0, 155, 211, 180, 1, 20.15%, 0, 2, 5, 68.40, 128416, 690
1638185680, 0, 155, 211, 180, 1, 20.15%, 0, 2, 5, 70.01, 128779, 690
1638185685, 0, 155, 211, 180, 1, 20.15%, 0, 2, 5, 70.67, 129147, 690
1638185690, 0, 155, 211, 180, 1, 20.15%, 0, 2, 5, 70.89, 129501, 690
1638185696, 0, 155, 211, 180, 1, 20.15%, 0, 2, 5, 69.49, 129860, 690
1638185701, 0, 155, 211, 180, 1, 20.15%, 0, 2, 5, 69.41, 130219, 690
1638185706, 0, 155, 211, 180, 1, 20.15%, 0, 2, 5, 68.94, 130573, 690
1638185711, 0, 155, 211, 180, 1, 20.15%, 0, 2, 5, 69.57, 130921, 690
1638185716, 0, 155, 211, 180, 1, 20.15%, 0, 2, 5, 68.26, 131267, 690
1638185721, 0, 155, 211, 180, 1, 20.15%, 0, 2, 5, 66.73, 131616, 690
1638185726, 0, 155, 211, 180, 1, 20.15%, 0, 2, 5, 28.25, 131701, 690
1638185731, 0, 182, 211, 179, 0, 20.15%, 0, 2, 5, 37.99, 131895, 690
1638185736, 0, 182, 211, 179, 0, 20.15%, 0, 2, 5, 40.89, 132109, 690
1638185741, 0, 182, 211, 179, 0, 20.15%, 0, 2, 5, 42.11, 132321, 690
1638185747, 0, 182, 211, 179, 0, 20.15%, 0, 2, 5, 41.56, 132537, 690
1638185752, 0, 182, 211, 179, 0, 20.15%, 0, 2, 5, 48.75, 132783, 690
1638185757, 0, 182, 211, 179, 0, 20.15%, 0, 2, 5, 50.56, 133042, 690
1638185762, 0, 182, 211, 179, 0, 20.15%, 0, 2, 5, 52.54, 133307, 690
1638185767, 0, 182, 211, 179, 0, 20.15%, 0, 2, 5, 50.62, 133568, 690
1638185772, 0, 182, 211, 179, 0, 20.15%, 0, 2, 5, 50.66, 133826, 690
1638185777, 0, 182, 211, 179, 0, 20.15%, 0, 2, 5, 44.92, 134040, 690
1638185782, 0, 182, 211, 179, 0, 20.15%, 0, 2, 5, 44.67, 134273, 690
1638185787, 0, 182, 211, 179, 0, 20.15%, 0, 2, 5, 44.48, 134502, 690
1638185792, 0, 182, 211, 179, 0, 20.15%, 0, 2, 5, 46.14, 134737, 690
1638185798, 0, 182, 211, 179, 0, 20.15%, 0, 2, 5, 48.06, 134984, 690
1638185803, 0, 182, 211, 179, 0, 20.15%, 0, 2, 5, 49.89, 135248, 690
1638185808, 0, 182, 211, 179, 0, 20.15%, 0, 2, 5, 46.59, 135483, 690
1638185813, 0, 182, 211, 179, 0, 20.15%, 0, 2, 5, 49.69, 135739, 690
1638185818, 0, 182, 212, 180, 0, 20.15%, 0, 2, 5, 46.85, 135936, 690
1638185823, 0, 182, 212, 180, 0, 20.15%, 0, 2, 5, 22.97, 136018, 690
1638185828, 0, 37, 212, 180, 0, 20.15%, 0, 2, 5, 61.36, 136355, 690
1638185833, 0, 37, 212, 180, 0, 20.15%, 0, 2, 5, 72.11, 136742, 690
1638185838, 0, 37, 212, 180, 0, 20.15%, 0, 2, 5, 73.79, 137115, 690
1638185843, 0, 37, 212, 180, 0, 20.15%, 0, 2, 5, 74.26, 137498, 690
1638185848, 0, 37, 212, 180, 0, 20.15%, 0, 2, 5, 73.83, 137878, 690
1638185854, 0, 37, 212, 180, 0, 20.15%, 0, 2, 5, 73.43, 138258, 690
1638185859, 0, 37, 212, 180, 0, 20.15%, 0, 2, 5, 73.76, 138639, 690
1638185864, 0, 37, 212, 180, 0, 20.15%, 0, 2, 5, 73.21, 139019, 690
1638185869, 0, 37, 212, 180, 0, 20.15%, 0, 2, 5, 72.85, 139394, 690
1638185874, 0, 37, 212, 180, 0, 20.15%, 0, 2, 5, 71.99, 139766, 690
1638185879, 0, 37, 212, 180, 0, 20.15%, 0, 2, 5, 64.20, 140098, 690
1638185884, 0, 37, 212, 180, 0, 20.15%, 0, 2, 5, 26.64, 140176, 690
1638185889, 0, 18, 212, 180, 0, 20.15%, 0, 2, 5, 62.24, 140529, 690
1638185895, 0, 18, 212, 180, 0, 20.15%, 0, 2, 5, 70.49, 140904, 690
1638185900, 0, 18, 212, 180, 0, 20.15%, 0, 2, 5, 72.88, 141279, 690
1638185905, 0, 18, 212, 180, 0, 20.15%, 0, 2, 5, 73.57, 141662, 690
1638185910, 0, 18, 212, 180, 0, 20.15%, 0, 2, 5, 73.30, 142042, 690
1638185915, 0, 18, 212, 180, 0, 20.15%, 0, 2, 5, 72.79, 142420, 690
1638185920, 0, 18, 212, 180, 0, 20.15%, 0, 2, 5, 72.87, 142794, 690
1638185926, 0, 18, 212, 180, 0, 20.15%, 0, 2, 5, 72.55, 143169, 690
1638185931, 0, 18, 212, 180, 0, 20.15%, 0, 2, 5, 72.51, 143544, 690
1638185936, 0, 18, 212, 180, 0, 20.15%, 0, 2, 5, 73.24, 143919, 690
1638185941, 0, 18, 212, 180, 0, 20.15%, 0, 2, 5, 72.89, 144296, 690
1638185946, 0, 18, 212, 180, 0, 20.15%, 0, 2, 5, 37.24, 144465, 690
1638185951, 0, 175, 212, 179, 0, 20.15%, 0, 2, 5, 46.88, 144701, 690
1638185957, 0, 175, 212, 179, 0, 20.15%, 0, 2, 5, 51.92, 144977, 690
1638185962, 0, 175, 212, 179, 0, 20.15%, 0, 2, 5, 51.77, 145238, 690
1638185967, 0, 175, 212, 179, 0, 20.15%, 0, 2, 5, 52.61, 145503, 690
1638185972, 0, 175, 212, 179, 0, 20.15%, 0, 2, 5, 51.12, 145755, 690
1638185977, 0, 175, 212, 179, 0, 20.15%, 0, 2, 5, 50.94, 146015, 690
1638185982, 0, 175, 212, 179, 0, 20.15%, 0, 2, 5, 51.66, 146275, 690
1638185987, 0, 175, 212, 179, 0, 20.15%, 0, 2, 5, 51.06, 146531, 690
1638185992, 0, 175, 212, 179, 0, 20.15%, 0, 2, 5, 48.36, 146782, 690
1638185997, 0, 175, 212, 179, 0, 20.15%, 0, 2, 5, 48.20, 147032, 690
1638186002, 0, 175, 212, 179, 0, 20.15%, 0, 2, 5, 47.53, 147266, 690
1638186007, 0, 175, 212, 179, 0, 20.15%, 0, 2, 5, 45.09, 147492, 690
1638186012, 0, 175, 213, 180, 0, 20.18%, 0, 2, 5, 47.45, 147735, 691
1638186018, 0, 175, 213, 180, 0, 20.18%, 0, 2, 5, 47.75, 147983, 691
1638186023, 0, 175, 213, 180, 0, 20.18%, 0, 2, 5, 47.79, 148231, 691
1638186028, 0, 175, 213, 180, 0, 20.18%, 0, 2, 5, 48.04, 148479, 691
1638186033, 0, 175, 213, 180, 0, 20.18%, 0, 2, 5, 43.15, 148707, 691
1638186038, 0, 175, 213, 180, 0, 20.18%, 0, 2, 5, 23.18, 148802, 691
1638186043, 0, 40, 213, 180, 0, 20.18%, 0, 3, 5, 66.61, 148979, 691
1638186049, 0, 40, 213, 180, 0, 20.18%, 0, 3, 5, 66.54, 149321, 691
1638186054, 0, 40, 213, 180, 0, 20.18%, 0, 3, 5, 68.54, 149676, 691
1638186059, 0, 40, 213, 180, 0, 20.18%, 0, 3, 5, 69.16, 150033, 691
1638186064, 0, 40, 213, 180, 0, 20.18%, 0, 3, 5, 69.40, 150389, 691
1638186069, 0, 40, 213, 180, 0, 20.18%, 0, 3, 5, 68.98, 150746, 691
1638186074, 0, 40, 213, 180, 0, 20.18%, 0, 3, 5, 68.74, 151097, 691
1638186080, 0, 40, 213, 180, 0, 20.18%, 0, 3, 5, 68.22, 151453, 691
1638186085, 0, 40, 213, 180, 0, 20.18%, 0, 3, 5, 69.21, 151811, 691
1638186090, 0, 40, 213, 180, 0, 20.18%, 0, 3, 5, 43.29, 152029, 691
1638186095, 0, 101, 213, 180, 0, 20.18%, 0, 3, 5, 34.54, 152159, 691
1638186100, 0, 101, 213, 180, 0, 20.18%, 0, 3, 5, 43.20, 152391, 691
1638186105, 0, 101, 213, 180, 0, 20.18%, 0, 3, 5, 45.80, 152625, 691
1638186110, 0, 101, 213, 180, 0, 20.18%, 0, 3, 5, 44.99, 152850, 691
1638186115, 0, 101, 213, 180, 0, 20.18%, 0, 3, 5, 48.62, 153098, 691
1638186120, 0, 101, 213, 180, 0, 20.18%, 0, 3, 5, 54.86, 153387, 691
1638186125, 0, 101, 213, 180, 0, 20.18%, 0, 3, 5, 55.84, 153669, 691
1638186130, 0, 101, 213, 180, 0, 20.18%, 0, 3, 5, 56.14, 153951, 691
1638186135, 0, 101, 213, 180, 0, 20.18%, 0, 3, 5, 54.25, 154235, 691
1638186140, 0, 101, 213, 180, 0, 20.18%, 0, 3, 5, 51.91, 154495, 691
1638186146, 0, 101, 213, 180, 0, 20.18%, 0, 3, 5, 51.97, 154765, 691
1638186151, 0, 101, 213, 180, 0, 20.18%, 0, 3, 5, 53.00, 155040, 691
1638186156, 0, 101, 213, 180, 0, 20.18%, 0, 3, 5, 56.03, 155320, 691
1638186161, 0, 101, 213, 180, 0, 20.18%, 0, 3, 5, 57.00, 155608, 691
1638186166, 0, 101, 213, 180, 0, 20.18%, 0, 3, 5, 58.08, 155904, 691
1638186171, 0, 101, 213, 180, 0, 20.18%, 0, 3, 5, 57.76, 156193, 691
1638186176, 0, 101, 213, 180, 0, 20.18%, 0, 3, 5, 31.96, 156344, 691
1638186181, 0, 93, 213, 180, 0, 20.18%, 0, 4, 5, 53.31, 156469, 691
1638186186, 0, 93, 213, 180, 0, 20.18%, 0, 4, 5, 60.65, 156793, 691
1638186191, 0, 93, 213, 180, 0, 20.18%, 0, 4, 5, 62.76, 157118, 691
1638186197, 0, 93, 213, 180, 0, 20.18%, 0, 4, 5, 64.23, 157446, 691
1638186202, 0, 93, 213, 180, 0, 20.18%, 0, 4, 5, 66.92, 157797, 691
1638186207, 0, 93, 213, 180, 0, 20.18%, 0, 4, 5, 66.79, 158143, 691
1638186212, 0, 93, 213, 180, 0, 20.18%, 0, 4, 5, 66.89, 158490, 691
1638186217, 0, 93, 213, 180, 0, 20.18%, 0, 4, 5, 64.96, 158825, 691
1638186222, 0, 93, 213, 180, 0, 20.18%, 0, 4, 5, 64.85, 159161, 691
1638186228, 0, 93, 213, 180, 0, 20.18%, 0, 4, 5, 65.70, 159499, 691
1638186233, 0, 93, 213, 180, 0, 20.18%, 0, 4, 5, 66.11, 159837, 691
1638186238, 0, 93, 213, 180, 0, 20.18%, 0, 4, 5, 66.02, 160178, 691
1638186243, 0, 93, 213, 180, 0, 20.18%, 0, 4, 5, 66.76, 160525, 691
1638186248, 0, 93, 213, 180, 0, 20.18%, 0, 4, 5, 32.81, 160657, 691
1638186253, 0, 46, 213, 179, 0, 20.18%, 0, 4, 5, 52.33, 160902, 691
1638186258, 0, 46, 213, 179, 0, 20.18%, 0, 4, 5, 70.07, 161286, 691
1638186263, 0, 46, 213, 179, 0, 20.18%, 0, 4, 5, 73.05, 161665, 691
1638186269, 0, 46, 213, 179, 0, 20.18%, 0, 4, 5, 73.29, 162045, 691
1638186274, 0, 46, 213, 179, 0, 20.18%, 0, 4, 5, 74.07, 162428, 691
1638186279, 0, 46, 213, 179, 0, 20.18%, 0, 4, 5, 73.44, 162804, 691
1638186284, 0, 46, 213, 179, 0, 20.18%, 0, 4, 5, 73.37, 163185, 691
1638186289, 0, 46, 213, 179, 0, 20.18%, 0, 4, 5, 50.79, 163459, 691
1638186294, 0, 66, 213, 179, 0, 20.18%, 0, 4, 5, 44.44, 163620, 691
1638186299, 0, 66, 213, 179, 0, 20.18%, 0, 4, 5, 68.71, 164007, 691
1638186305, 0, 66, 213, 179, 0, 20.18%, 0, 4, 5, 73.74, 164393, 691
1638186310, 0, 66, 213, 179, 0, 20.18%, 0, 4, 5, 74.37, 164778, 691
1638186315, 0, 66, 213, 179, 0, 20.18%, 0, 4, 5, 75.34, 165167, 691
1638186320, 0, 66, 213, 179, 0, 20.18%, 0, 4, 5, 75.08, 165551, 691
1638186325, 0, 66, 213, 179, 0, 20.18%, 0, 4, 5, 74.43, 165935, 691
1638186330, 0, 66, 213, 179, 0, 20.18%, 0, 4, 5, 74.74, 166323, 691
1638186336, 0, 66, 213, 179, 0, 20.18%, 0, 4, 5, 74.96, 166709, 691
1638186341, 0, 66, 213, 179, 0, 20.18%, 0, 4, 5, 74.87, 167097, 691
1638186346, 0, 66, 213, 179, 0, 20.18%, 0, 4, 5, 74.12, 167479, 691
1638186351, 0, 66, 213, 179, 0, 20.18%, 0, 4, 5, 36.83, 167646, 691
1638186356, 0, 46, 213, 178, 0, 20.18%, 0, 4, 5, 56.38, 167904, 691
1638186361, 0, 46, 213, 178, 0, 20.18%, 0, 4, 5, 71.04, 168290, 691
1638186367, 0, 46, 213, 178, 0, 20.18%, 0, 4, 5, 74.17, 168678, 691
1638186372, 0, 46, 213, 178, 0, 20.18%, 0, 4, 5, 74.90, 169066, 691
1638186377, 0, 46, 213, 178, 0, 20.18%, 0, 4, 5, 72.40, 169440, 691
1638186382, 0, 46, 213, 178, 0, 20.18%, 0, 4, 5, 73.35, 169817, 691
1638186387, 0, 46, 213, 178, 0, 20.18%, 0, 4, 5, 73.18, 170191, 691
1638186392, 0, 46, 213, 178, 0, 20.18%, 0, 4, 5, 44.33, 170428, 691
1638186397, 0, 37, 213, 178, 0, 20.18%, 0, 4, 5, 49.52, 170627, 691
1638186403, 0, 37, 213, 178, 0, 20.18%, 0, 4, 5, 65.48, 170989, 691
1638186408, 0, 37, 213, 178, 0, 20.18%, 0, 4, 5, 70.67, 171358, 691
1638186413, 0, 37, 213, 178, 0, 20.18%, 0, 4, 5, 72.09, 171729, 691
1638186418, 0, 37, 213, 178, 0, 20.18%, 0, 4, 5, 72.58, 172100, 691
1638186423, 0, 37, 213, 178, 0, 20.18%, 0, 4, 5, 70.97, 172463, 691
1638186428, 0, 37, 213, 178, 0, 20.18%, 0, 4, 5, 71.64, 172829, 691
1638186433, 0, 37, 213, 178, 0, 20.18%, 0, 4, 5, 71.06, 173192, 691
1638186438, 0, 37, 213, 178, 0, 20.18%, 0, 4, 5, 70.37, 173556, 691
1638186444, 0, 37, 213, 178, 0, 20.18%, 0, 4, 5, 71.45, 173924, 691
1638186449, 0, 37, 213, 178, 0, 20.18%, 0, 4, 5, 71.51, 174293, 691
1638186454, 0, 37, 213, 178, 0, 20.18%, 0, 4, 5, 50.90, 174568, 691
1638186459, 0, 27, 213, 178, 0, 20.18%, 0, 4, 5, 43.22, 174725, 691
1638186464, 0, 27, 213, 178, 0, 20.18%, 0, 4, 5, 67.08, 175098, 691
1638186469, 0, 27, 213, 178, 0, 20.18%, 0, 4, 5, 71.58, 175468, 691
1638186474, 0, 27, 213, 178, 0, 20.18%, 0, 4, 5, 72.04, 175833, 691
1638186479, 0, 27, 213, 178, 0, 20.18%, 0, 4, 5, 72.84, 176205, 691
1638186484, 0, 27, 213, 178, 0, 20.18%, 0, 4, 5, 73.44, 176581, 691
1638186490, 0, 27, 213, 178, 0, 20.18%, 0, 4, 5, 72.52, 176950, 691
1638186495, 0, 27, 213, 178, 0, 20.18%, 0, 4, 5, 71.28, 177310, 691
1638186500, 0, 27, 213, 178, 0, 20.18%, 0, 4, 5, 72.14, 177682, 691
1638186505, 0, 27, 213, 178, 0, 20.18%, 0, 4, 5, 71.36, 178039, 691
1638186510, 0, 27, 213, 178, 0, 20.18%, 0, 4, 5, 72.40, 178407, 691
1638186515, 0, 27, 213, 178, 0, 20.18%, 0, 4, 5, 72.00, 178776, 691
1638186520, 0, 27, 213, 178, 0, 20.18%, 0, 4, 5, 32.14, 178905, 691
1638186525, 0, 74, 213, 178, 0, 20.18%, 0, 4, 5, 56.07, 179176, 691
1638186531, 0, 74, 213, 178, 0, 20.18%, 0, 4, 5, 67.44, 179540, 691
1638186536, 0, 74, 213, 178, 0, 20.18%, 0, 4, 5, 71.57, 179912, 691
1638186541, 0, 74, 213, 178, 0, 20.18%, 0, 4, 5, 73.25, 180288, 691
1638186546, 0, 74, 213, 178, 0, 20.18%, 0, 4, 5, 73.48, 180664, 691
1638186551, 0, 74, 213, 178, 0, 20.18%, 0, 4, 5, 71.76, 181031, 691
1638186556, 0, 74, 213, 178, 0, 20.18%, 0, 4, 5, 72.41, 181402, 691
1638186561, 0, 74, 213, 178, 0, 20.18%, 0, 4, 5, 72.59, 181774, 691
1638186567, 0, 74, 213, 178, 0, 20.18%, 0, 4, 5, 72.74, 182148, 691
1638186572, 0, 74, 213, 178, 0, 20.18%, 0, 4, 5, 71.42, 182514, 691
1638186577, 0, 74, 213, 178, 0, 20.18%, 0, 4, 5, 71.17, 182881, 691
1638186582, 0, 74, 213, 178, 0, 20.18%, 0, 4, 5, 35.82, 183045, 691
1638186587, 0, 27, 213, 177, 0, 20.18%, 0, 4, 5, 57.07, 183316, 691
1638186592, 0, 27, 213, 177, 0, 20.18%, 0, 4, 5, 69.13, 183687, 691
1638186597, 0, 27, 213, 177, 0, 20.18%, 0, 4, 5, 71.06, 184055, 691
1638186603, 0, 27, 213, 177, 0, 20.18%, 0, 4, 5, 70.85, 184420, 691
1638186608, 0, 27, 213, 177, 0, 20.18%, 0, 4, 5, 69.78, 184775, 691
1638186613, 0, 27, 213, 177, 0, 20.18%, 0, 4, 5, 71.01, 185142, 691
1638186618, 0, 27, 213, 177, 0, 20.18%, 0, 4, 5, 72.06, 185510, 691
1638186623, 0, 27, 213, 177, 0, 20.18%, 0, 4, 5, 72.56, 185881, 691
1638186628, 0, 27, 213, 177, 0, 20.18%, 0, 4, 5, 72.83, 186251, 691
1638186633, 0, 27, 213, 177, 0, 20.18%, 0, 4, 5, 72.50, 186621, 691
1638186638, 0, 27, 213, 177, 0, 20.18%, 0, 4, 5, 72.04, 186989, 691
1638186643, 0, 27, 213, 177, 0, 20.18%, 0, 4, 5, 59.20, 187300, 691
1638186649, 0, 170, 213, 177, 0, 20.18%, 0, 4, 5, 32.62, 187408, 691
1638186654, 0, 170, 213, 177, 0, 20.18%, 0, 4, 5, 52.41, 187698, 691
1638186659, 0, 170, 213, 177, 0, 20.18%, 0, 4, 5, 56.20, 187988, 691
1638186664, 0, 170, 213, 177, 0, 20.18%, 0, 4, 5, 58.42, 188283, 691
1638186669, 0, 170, 213, 177, 0, 20.18%, 0, 4, 5, 61.86, 188595, 691
1638186674, 0, 170, 213, 177, 0, 20.18%, 0, 4, 5, 61.56, 188916, 691
1638186679, 0, 170, 213, 177, 0, 20.18%, 0, 4, 5, 60.88, 189232, 691
1638186684, 0, 170, 213, 177, 0, 20.18%, 0, 4, 5, 61.01, 189540, 691
1638186689, 0, 170, 213, 177, 0, 20.18%, 0, 4, 5, 59.54, 189847, 691
1638186694, 0, 170, 213, 177, 0, 20.18%, 0, 4, 5, 57.65, 190133, 691
1638186700, 0, 170, 213, 177, 0, 20.18%, 0, 4, 5, 58.95, 190439, 691
1638186705, 0, 170, 213, 177, 0, 20.18%, 0, 4, 5, 59.57, 190749, 691
1638186710, 0, 170, 213, 177, 0, 20.18%, 0, 4, 5, 59.38, 191046, 691
1638186715, 0, 170, 213, 177, 0, 20.18%, 0, 4, 5, 58.91, 191343, 691
1638186720, 0, 170, 213, 177, 0, 20.18%, 0, 4, 5, 48.78, 191606, 691
1638186725, 0, 46, 213, 177, 0, 20.18%, 0, 4, 5, 34.05, 191729, 691
1638186730, 0, 46, 213, 177, 0, 20.18%, 0, 4, 5, 66.46, 192115, 691
1638186735, 0, 46, 213, 177, 0, 20.18%, 0, 4, 5, 71.74, 192491, 691
1638186741, 0, 46, 213, 177, 0, 20.18%, 0, 4, 5, 73.28, 192874, 691
1638186746, 0, 46, 213, 177, 0, 20.18%, 0, 4, 5, 73.27, 193255, 691
1638186751, 0, 46, 213, 177, 0, 20.18%, 0, 4, 5, 73.59, 193631, 691
1638186756, 0, 46, 213, 177, 0, 20.18%, 0, 4, 5, 73.93, 194009, 691
1638186761, 0, 46, 213, 177, 0, 20.18%, 0, 4, 5, 71.67, 194383, 691
1638186766, 0, 46, 213, 177, 0, 20.18%, 0, 4, 5, 29.50, 194472, 691
1638186771, 0, 44, 213, 177, 0, 20.18%, 0, 4, 5, 62.16, 194807, 691
1638186777, 0, 44, 213, 177, 0, 20.18%, 0, 4, 5, 71.53, 195186, 691
1638186782, 0, 44, 213, 177, 0, 20.18%, 0, 4, 5, 73.59, 195570, 691
1638186787, 0, 44, 213, 177, 0, 20.18%, 0, 4, 5, 73.45, 195951, 691
1638186792, 0, 44, 213, 177, 0, 20.18%, 0, 4, 5, 74.49, 196341, 691
1638186797, 0, 44, 213, 177, 0, 20.18%, 0, 4, 5, 74.15, 196729, 691
1638186803, 0, 44, 213, 177, 0, 20.18%, 0, 4, 5, 74.99, 197118, 691
1638186808, 0, 44, 213, 177, 0, 20.18%, 0, 4, 5, 35.28, 197266, 691
1638186813, 0, 93, 213, 177, 0, 20.18%, 0, 4, 5, 54.75, 197545, 691
1638186818, 0, 93, 213, 177, 0, 20.18%, 0, 4, 5, 61.17, 197862, 691
1638186823, 0, 93, 213, 177, 0, 20.18%, 0, 4, 5, 63.79, 198186, 691
1638186828, 0, 93, 213, 177, 0, 20.18%, 0, 4, 5, 67.57, 198537, 691
1638186833, 0, 93, 213, 177, 0, 20.18%, 0, 4, 5, 67.69, 198887, 691
1638186838, 0, 93, 213, 177, 0, 20.18%, 0, 4, 5, 68.05, 199238, 691
1638186844, 0, 93, 213, 177, 0, 20.18%, 0, 4, 5, 67.30, 199588, 691
1638186849, 0, 93, 213, 177, 0, 20.18%, 0, 4, 5, 65.75, 199930, 691
1638186854, 0, 93, 213, 177, 0, 20.18%, 0, 4, 5, 66.48, 200263, 691
1638186859, 0, 93, 213, 177, 0, 20.18%, 0, 4, 5, 67.28, 200607, 691
1638186864, 0, 93, 213, 177, 0, 20.18%, 0, 4, 5, 68.23, 200955, 691
1638186869, 0, 93, 213, 177, 0, 20.18%, 0, 4, 5, 67.92, 201302, 691
1638186874, 0, 93, 213, 177, 0, 20.18%, 0, 4, 5, 45.05, 201533, 691
1638186879, 0, 175, 213, 177, 0, 20.18%, 0, 4, 5, 40.35, 201694, 691
1638186884, 0, 175, 213, 177, 0, 20.18%, 0, 4, 5, 51.51, 201969, 691
1638186889, 0, 175, 213, 177, 0, 20.18%, 0, 4, 5, 53.48, 202240, 691
1638186894, 0, 175, 213, 177, 0, 20.18%, 0, 4, 5, 53.42, 202508, 691
1638186900, 0, 175, 213, 177, 0, 20.18%, 0, 4, 5, 56.44, 202791, 691
1638186905, 0, 175, 213, 177, 0, 20.18%, 0, 4, 5, 59.38, 203094, 691
1638186910, 0, 175, 213, 177, 0, 20.18%, 0, 4, 5, 59.60, 203397, 691
1638186915, 0, 175, 213, 177, 0, 20.18%, 0, 4, 5, 59.80, 203699, 691
1638186920, 0, 175, 213, 177, 0, 20.18%, 0, 4, 5, 55.29, 203970, 691
1638186925, 0, 175, 213, 177, 0, 20.18%, 0, 4, 5, 54.77, 204253, 691
1638186930, 0, 175, 213, 177, 0, 20.18%, 0, 4, 5, 54.59, 204527, 691
1638186935, 0, 175, 213, 177, 0, 20.18%, 0, 4, 5, 54.91, 204803, 691
1638186940, 0, 175, 213, 177, 0, 20.18%, 0, 4, 5, 53.81, 205069, 691
1638186945, 0, 175, 213, 177, 0, 20.18%, 0, 4, 5, 53.72, 205343, 691
1638186950, 0, 175, 213, 177, 0, 20.18%, 0, 4, 5, 54.18, 205618, 691
1638186955, 0, 175, 213, 177, 0, 20.18%, 0, 4, 5, 37.87, 205814, 691
1638186960, 0, 46, 213, 177, 0, 20.18%, 0, 4, 5, 25.10, 205906, 691
1638186966, 0, 46, 213, 177, 0, 20.18%, 0, 4, 5, 65.33, 206297, 691
1638186971, 0, 46, 213, 177, 0, 20.18%, 0, 4, 5, 73.72, 206689, 691
1638186976, 0, 46, 213, 177, 0, 20.18%, 0, 4, 5, 75.17, 207081, 691
1638186981, 0, 46, 213, 177, 0, 20.18%, 0, 4, 5, 74.50, 207464, 691
1638186986, 0, 46, 213, 177, 0, 20.18%, 0, 4, 5, 73.19, 207844, 691
1638186992, 0, 46, 213, 177, 0, 20.18%, 0, 4, 5, 74.26, 208231, 691
1638186997, 0, 46, 213, 177, 0, 20.18%, 0, 4, 5, 69.66, 208594, 691
1638187002, 0, 46, 213, 177, 0, 20.18%, 0, 4, 5, 28.41, 208676, 691
1638187007, 0, 66, 213, 177, 0, 20.18%, 0, 4, 5, 61.91, 209023, 691
1638187012, 0, 66, 213, 177, 0, 20.18%, 0, 4, 5, 69.89, 209396, 691
1638187017, 0, 66, 213, 177, 0, 20.18%, 0, 4, 5, 71.59, 209766, 691
1638187022, 0, 66, 213, 177, 0, 20.18%, 0, 4, 5, 73.39, 210148, 691
1638187028, 0, 66, 213, 177, 0, 20.18%, 0, 4, 5, 72.62, 210526, 691
1638187033, 0, 66, 213, 177, 0, 20.18%, 0, 4, 5, 71.86, 210890, 691
1638187038, 0, 66, 213, 177, 0, 20.18%, 0, 4, 5, 72.72, 211270, 691
1638187043, 0, 66, 213, 177, 0, 20.18%, 0, 4, 5, 73.03, 211649, 691
1638187048, 0, 66, 213, 177, 0, 20.18%, 0, 4, 5, 73.53, 212029, 691
1638187053, 0, 66, 213, 177, 0, 20.18%, 0, 4, 5, 72.95, 212409, 691
1638187059, 0, 66, 213, 177, 0, 20.18%, 0, 4, 5, 63.20, 212755, 691
1638187064, 0, 138, 213, 177, 0, 20.18%, 0, 4, 5, 33.25, 212860, 691
1638187069, 0, 138, 213, 177, 0, 20.18%, 0, 4, 5, 59.59, 213203, 691
1638187074, 0, 138, 213, 177, 0, 20.18%, 0, 4, 5, 65.75, 213550, 691
1638187079, 0, 138, 213, 177, 0, 20.18%, 0, 4, 5, 68.27, 213907, 691
1638187084, 0, 138, 213, 177, 0, 20.18%, 0, 4, 5, 70.98, 214277, 691
1638187090, 0, 138, 213, 177, 0, 20.18%, 0, 4, 5, 71.10, 214646, 691
1638187095, 0, 138, 213, 177, 0, 20.18%, 0, 4, 5, 69.83, 215007, 691
1638187100, 0, 138, 213, 177, 0, 20.18%, 0, 4, 5, 69.43, 215370, 691
1638187105, 0, 138, 213, 177, 0, 20.18%, 0, 4, 5, 69.84, 215731, 691
1638187110, 0, 138, 213, 177, 0, 20.18%, 0, 4, 5, 69.81, 216081, 691
1638187115, 0, 138, 213, 177, 0, 20.18%, 0, 4, 5, 69.73, 216441, 691
1638187120, 0, 138, 213, 177, 0, 20.18%, 0, 4, 5, 69.18, 216788, 691
1638187125, 0, 138, 213, 177, 0, 20.18%, 0, 4, 5, 52.51, 217072, 691
1638187131, 0, 59, 213, 177, 0, 20.18%, 0, 4, 5, 36.86, 217197, 691
1638187136, 0, 59, 213, 177, 0, 20.18%, 0, 4, 5, 66.15, 217564, 691
1638187141, 0, 59, 213, 177, 0, 20.18%, 0, 4, 5, 72.10, 217943, 691
1638187146, 0, 59, 213, 177, 0, 20.18%, 0, 4, 5, 74.66, 218335, 691
1638187151, 0, 59, 213, 177, 0, 20.18%, 0, 4, 5, 74.19, 218717, 691
1638187156, 0, 59, 213, 177, 0, 20.18%, 0, 4, 5, 74.99, 219108, 691
1638187162, 0, 59, 213, 177, 0, 20.18%, 0, 4, 5, 73.72, 219487, 691
1638187167, 0, 59, 213, 177, 0, 20.18%, 0, 4, 5, 35.49, 219645, 691
1638187172, 0, 153, 213, 177, 0, 20.18%, 0, 5, 5, 41.81, 219825, 691
1638187177, 0, 153, 213, 177, 0, 20.18%, 0, 5, 5, 65.56, 220195, 691
1638187182, 0, 153, 213, 177, 0, 20.18%, 0, 5, 5, 69.19, 220546, 691
1638187187, 0, 153, 213, 177, 0, 20.18%, 0, 5, 5, 70.93, 220911, 691
1638187192, 0, 153, 213, 177, 0, 20.18%, 0, 5, 5, 71.59, 221278, 691
1638187197, 0, 153, 213, 177, 0, 20.18%, 0, 5, 5, 72.12, 221647, 691
1638187203, 0, 153, 213, 177, 0, 20.18%, 0, 5, 5, 71.26, 222013, 691
1638187208, 0, 153, 213, 177, 0, 20.18%, 0, 5, 5, 71.25, 222383, 691
1638187213, 0, 153, 213, 177, 0, 20.18%, 0, 5, 5, 70.08, 222740, 691
1638187218, 0, 153, 213, 177, 0, 20.18%, 0, 5, 5, 69.82, 223104, 691
1638187223, 0, 153, 213, 177, 0, 20.18%, 0, 5, 5, 69.89, 223466, 691
1638187228, 0, 153, 213, 177, 0, 20.18%, 0, 5, 5, 69.57, 223828, 691
1638187234, 0, 153, 213, 177, 0, 20.18%, 0, 5, 5, 31.07, 223954, 691
1638187239, 0, 44, 213, 177, 0, 20.18%, 0, 5, 5, 62.29, 224290, 691
1638187244, 0, 44, 213, 177, 0, 20.18%, 0, 5, 5, 71.39, 224666, 691
1638187249, 0, 44, 213, 177, 0, 20.18%, 0, 5, 5, 74.17, 225053, 691
1638187254, 0, 44, 213, 177, 0, 20.18%, 0, 5, 5, 73.27, 225432, 691
1638187259, 0, 44, 213, 177, 0, 20.18%, 0, 5, 5, 74.45, 225820, 691
1638187265, 0, 44, 213, 177, 0, 20.18%, 0, 5, 5, 74.86, 226205, 691
1638187270, 0, 44, 213, 177, 0, 20.18%, 0, 5, 5, 73.58, 226575, 691
1638187275, 0, 44, 213, 177, 0, 20.18%, 0, 5, 5, 36.96, 226746, 691
1638187280, 0, 114, 213, 177, 0, 20.18%, 0, 5, 5, 38.45, 226931, 691
1638187285, 0, 114, 213, 177, 0, 20.18%, 0, 5, 5, 43.01, 227157, 691
1638187290, 0, 114, 213, 177, 0, 20.18%, 0, 5, 5, 43.48, 227381, 691
1638187295, 0, 114, 213, 177, 0, 20.18%, 0, 5, 5, 44.37, 227608, 691
1638187300, 0, 114, 213, 177, 0, 20.18%, 0, 5, 5, 48.75, 227850, 691
1638187305, 0, 114, 213, 177, 0, 20.18%, 0, 5, 5, 51.12, 228120, 691
1638187311, 0, 114, 213, 177, 0, 20.18%, 0, 5, 5, 50.31, 228376, 691
1638187316, 0, 114, 213, 177, 0, 20.18%, 0, 5, 5, 52.49, 228649, 691
1638187321, 0, 114, 213, 177, 0, 20.18%, 0, 5, 5, 51.35, 228918, 691
1638187326, 0, 114, 213, 177, 0, 20.18%, 0, 5, 5, 46.05, 229140, 691
1638187331, 0, 114, 213, 177, 0, 20.18%, 0, 5, 5, 46.43, 229375, 691
1638187336, 0, 114, 213, 177, 0, 20.18%, 0, 5, 5, 47.36, 229614, 691
1638187341, 0, 114, 213, 177, 0, 20.18%, 0, 5, 5, 46.83, 229850, 691
1638187346, 0, 114, 213, 177, 0, 20.18%, 0, 5, 5, 49.27, 230102, 691
1638187351, 0, 114, 213, 177, 0, 20.18%, 0, 5, 5, 49.82, 230356, 691
1638187356, 0, 114, 213, 177, 0, 20.18%, 0, 5, 5, 49.93, 230607, 691
1638187361, 0, 114, 213, 177, 0, 20.18%, 0, 5, 5, 50.22, 230861, 691
1638187366, 0, 114, 213, 177, 0, 20.18%, 0, 5, 5, 34.42, 231037, 691
1638187371, 0, 189, 213, 177, 0, 20.18%, 0, 5, 5, 32.51, 231170, 691
1638187376, 0, 189, 213, 177, 0, 20.18%, 0, 5, 5, 41.72, 231391, 691
1638187381, 0, 189, 213, 177, 0, 20.18%, 0, 5, 5, 42.93, 231607, 691
1638187386, 0, 189, 213, 177, 0, 20.18%, 0, 5, 5, 44.05, 231830, 691
1638187391, 0, 189, 213, 177, 0, 20.18%, 0, 5, 5, 43.32, 232046, 691
1638187396, 0, 189, 213, 177, 0, 20.18%, 0, 5, 5, 50.32, 232310, 691
1638187401, 0, 189, 213, 177, 0, 20.18%, 0, 5, 5, 50.14, 232564, 691
1638187406, 0, 189, 213, 177, 0, 20.18%, 0, 5, 5, 51.19, 232824, 691
1638187412, 0, 189, 213, 177, 0, 20.18%, 0, 5, 5, 51.40, 233084, 691
1638187417, 0, 189, 213, 177, 0, 20.18%, 0, 5, 5, 47.43, 233323, 691
1638187422, 0, 189, 213, 177, 0, 20.18%, 0, 5, 5, 44.88, 233545, 691
1638187427, 0, 189, 213, 177, 0, 20.18%, 0, 5, 5, 44.19, 233766, 691
1638187432, 0, 189, 213, 177, 0, 20.18%, 0, 5, 5, 44.22, 233988, 691
1638187437, 0, 189, 213, 177, 0, 20.18%, 0, 5, 5, 43.71, 234212, 691
1638187442, 0, 189, 213, 177, 0, 20.18%, 0, 5, 5, 43.32, 234434, 691
1638187447, 0, 189, 213, 177, 0, 20.18%, 0, 5, 5, 42.98, 234651, 691
1638187452, 0, 189, 213, 177, 0, 20.18%, 0, 5, 5, 41.28, 234867, 691
1638187457, 0, 189, 213, 177, 0, 20.18%, 0, 5, 5, 43.51, 235092, 691
1638187463, 0, 189, 213, 177, 0, 20.18%, 0, 5, 5, 38.77, 235301, 691
1638187468, 0, 189, 213, 177, 0, 20.18%, 0, 5, 5, 20.40, 235374, 691
1638187473, 0, 25, 213, 176, 0, 20.18%, 0, 5, 5, 61.41, 235720, 691
1638187478, 0, 25, 213, 176, 0, 20.18%, 0, 5, 5, 72.41, 236096, 691
1638187483, 0, 25, 213, 176, 0, 20.18%, 0, 5, 5, 74.63, 236482, 691
1638187488, 0, 25, 213, 176, 0, 20.18%, 0, 5, 5, 76.19, 236876, 691
1638187493, 0, 25, 213, 176, 0, 20.18%, 0, 5, 5, 76.12, 237270, 691
1638187498, 0, 25, 213, 176, 0, 20.18%, 0, 5, 5, 75.48, 237661, 691
1638187503, 0, 25, 213, 176, 0, 20.18%, 0, 5, 5, 74.75, 238048, 691
1638187509, 0, 25, 213, 176, 0, 20.18%, 0, 5, 5, 75.42, 238440, 691
1638187514, 0, 25, 213, 176, 0, 20.18%, 0, 5, 5, 69.91, 238800, 691
1638187519, 0, 25, 213, 176, 0, 20.18%, 0, 5, 5, 67.28, 239142, 691
1638187524, 0, 25, 213, 176, 0, 20.18%, 0, 5, 5, 66.74, 239489, 691
1638187529, 0, 25, 213, 176, 0, 20.18%, 0, 5, 5, 35.82, 239657, 691
1638187534, 0, 101, 213, 175, 0, 20.18%, 0, 5, 5, 46.13, 239822, 691
1638187539, 0, 101, 213, 175, 0, 20.18%, 0, 5, 5, 45.94, 240056, 691
1638187545, 0, 101, 213, 175, 0, 20.18%, 0, 5, 5, 46.06, 240293, 691
1638187550, 0, 101, 213, 175, 0, 20.18%, 0, 5, 5, 45.54, 240524, 691
1638187555, 0, 101, 213, 175, 0, 20.18%, 0, 5, 5, 50.06, 240771, 691
1638187560, 0, 101, 213, 175, 0, 20.18%, 0, 5, 5, 51.42, 241030, 691
1638187565, 0, 101, 213, 175, 0, 20.18%, 0, 5, 5, 51.38, 241297, 691
1638187570, 0, 101, 213, 175, 0, 20.18%, 0, 5, 5, 51.86, 241554, 691
1638187575, 0, 101, 213, 175, 0, 20.18%, 0, 5, 5, 51.28, 241824, 691
1638187580, 0, 101, 213, 175, 0, 20.18%, 0, 5, 5, 49.20, 242071, 691
1638187585, 0, 101, 213, 175, 0, 20.18%, 0, 5, 5, 49.82, 242329, 691
1638187590, 0, 101, 213, 175, 0, 20.18%, 0, 5, 5, 54.35, 242603, 691
1638187595, 0, 101, 213, 175, 0, 20.18%, 0, 5, 5, 56.73, 242889, 691
1638187600, 0, 101, 213, 175, 0, 20.18%, 0, 5, 5, 59.39, 243190, 691
1638187605, 0, 101, 213, 175, 0, 20.18%, 0, 5, 5, 59.14, 243486, 691
1638187610, 0, 101, 213, 175, 0, 20.18%, 0, 5, 5, 58.98, 243781, 691
1638187616, 0, 101, 213, 175, 0, 20.18%, 0, 5, 5, 34.40, 243950, 691
1638187621, 0, 46, 213, 175, 0, 20.18%, 0, 5, 5, 52.88, 244181, 691
1638187626, 0, 46, 213, 175, 0, 20.18%, 0, 5, 5, 70.59, 244568, 691
1638187631, 0, 46, 213, 175, 0, 20.18%, 0, 5, 5, 74.48, 244956, 691
1638187636, 0, 46, 213, 175, 0, 20.18%, 0, 5, 5, 74.74, 245339, 691
1638187641, 0, 46, 213, 175, 0, 20.18%, 0, 5, 5, 74.33, 245721, 691
1638187646, 0, 46, 213, 175, 0, 20.18%, 0, 5, 5, 74.22, 246105, 691
1638187652, 0, 46, 213, 175, 0, 20.18%, 0, 5, 5, 74.27, 246490, 691
1638187657, 0, 46, 213, 175, 0, 20.18%, 0, 5, 5, 46.96, 246741, 691
1638187662, 0, 170, 213, 175, 0, 20.18%, 0, 5, 5, 45.62, 246927, 691
1638187667, 0, 170, 213, 175, 0, 20.18%, 0, 5, 5, 56.77, 247225, 691
1638187672, 0, 170, 213, 175, 0, 20.18%, 0, 5, 5, 58.90, 247526, 691
1638187677, 0, 170, 213, 175, 0, 20.18%, 0, 5, 5, 60.49, 247829, 691
1638187682, 0, 170, 213, 175, 0, 20.18%, 0, 5, 5, 63.41, 248163, 691
1638187687, 0, 170, 213, 175, 0, 20.18%, 0, 5, 5, 64.15, 248495, 691
1638187692, 0, 170, 213, 175, 0, 20.18%, 0, 5, 5, 64.55, 248820, 691
1638187697, 0, 170, 213, 175, 0, 20.18%, 0, 5, 5, 61.54, 249126, 691
1638187702, 0, 170, 213, 175, 0, 20.18%, 0, 5, 5, 59.14, 249429, 691
1638187707, 0, 170, 213, 175, 0, 20.18%, 0, 5, 5, 60.25, 249733, 691
1638187712, 0, 170, 213, 175, 0, 20.18%, 0, 5, 5, 60.41, 250037, 691
1638187718, 0, 170, 213, 175, 0, 20.18%, 0, 5, 5, 60.77, 250352, 691
1638187723, 0, 170, 213, 175, 0, 20.18%, 0, 5, 5, 59.55, 250659, 691
1638187728, 0, 170, 213, 175, 0, 20.18%, 0, 5, 5, 59.73, 250968, 691
1638187733, 0, 170, 213, 175, 0, 20.18%, 0, 5, 5, 27.56, 251070, 691
1638187738, 0, 27, 213, 175, 0, 20.18%, 0, 5, 5, 60.92, 251404, 691
1638187743, 0, 27, 213, 175, 0, 20.18%, 0, 5, 5, 70.93, 251785, 691
1638187749, 0, 27, 213, 175, 0, 20.18%, 0, 5, 5, 73.01, 252163, 691
1638187754, 0, 27, 213, 175, 0, 20.18%, 0, 5, 5, 74.14, 252544, 691
1638187759, 0, 27, 213, 175, 0, 20.18%, 0, 5, 5, 74.68, 252933, 691
1638187764, 0, 27, 213, 175, 0, 20.18%, 0, 5, 5, 74.52, 253317, 691
1638187769, 0, 27, 213, 175, 0, 20.18%, 0, 5, 5, 73.61, 253696, 691
1638187774, 0, 27, 213, 175, 0, 20.18%, 0, 5, 5, 73.80, 254074, 691
1638187780, 0, 27, 213, 175, 0, 20.18%, 0, 5, 5, 73.46, 254455, 691
1638187785, 0, 27, 213, 175, 0, 20.18%, 0, 5, 5, 73.81, 254837, 691
1638187790, 0, 27, 213, 175, 0, 20.18%, 0, 5, 5, 73.45, 255217, 691
1638187795, 0, 27, 213, 175, 0, 20.18%, 0, 5, 5, 34.35, 255363, 691
1638187800, 0, 103, 213, 175, 0, 20.18%, 0, 5, 5, 43.46, 255565, 691
1638187805, 0, 103, 213, 175, 0, 20.18%, 0, 5, 5, 50.27, 255835, 691
1638187811, 0, 103, 213, 175, 0, 20.18%, 0, 5, 5, 52.13, 256107, 691
1638187816, 0, 103, 213, 175, 0, 20.18%, 0, 5, 5, 52.25, 256377, 691
1638187821, 0, 103, 213, 175, 0, 20.18%, 0, 5, 5, 57.17, 256683, 691
1638187826, 0, 103, 213, 175, 0, 20.18%, 0, 5, 5, 57.41, 256979, 691
1638187831, 0, 103, 213, 175, 0, 20.18%, 0, 5, 5, 57.58, 257278, 691
1638187836, 0, 103, 213, 175, 0, 20.18%, 0, 5, 5, 56.13, 257571, 691
1638187841, 0, 103, 213, 175, 0, 20.18%, 0, 5, 5, 52.66, 257837, 691
1638187847, 0, 103, 213, 175, 0, 20.18%, 0, 5, 5, 54.68, 258117, 691
1638187852, 0, 103, 213, 175, 0, 20.18%, 0, 5, 5, 54.38, 258393, 691
1638187857, 0, 103, 213, 175, 0, 20.18%, 0, 5, 5, 57.05, 258687, 691
1638187862, 0, 103, 213, 175, 0, 20.18%, 0, 5, 5, 57.01, 258974, 691
1638187867, 0, 103, 213, 175, 0, 20.18%, 0, 5, 5, 58.33, 259275, 691
1638187872, 0, 103, 213, 175, 0, 20.18%, 0, 5, 5, 57.86, 259571, 691
1638187877, 0, 103, 213, 175, 0, 20.18%, 0, 5, 5, 27.50, 259674, 691
1638187882, 0, 37, 213, 175, 0, 20.18%, 0, 5, 5, 59.19, 259982, 691
1638187888, 0, 37, 213, 175, 0, 20.18%, 0, 5, 5, 70.35, 260362, 691
1638187893, 0, 37, 213, 175, 0, 20.18%, 0, 5, 5, 72.72, 260741, 691
1638187898, 0, 37, 213, 175, 0, 20.18%, 0, 5, 5, 74.13, 261125, 691
1638187903, 0, 37, 213, 175, 0, 20.18%, 0, 5, 5, 73.77, 261509, 691
1638187908, 0, 37, 213, 175, 0, 20.18%, 0, 5, 5, 74.19, 261892, 691
1638187913, 0, 37, 213, 175, 0, 20.18%, 0, 5, 5, 72.98, 262269, 691
1638187919, 0, 37, 213, 175, 0, 20.18%, 0, 5, 5, 73.62, 262650, 691
1638187924, 0, 37, 213, 175, 0, 20.18%, 0, 5, 5, 72.88, 263026, 691
1638187929, 0, 37, 213, 175, 0, 20.18%, 0, 5, 5, 73.05, 263403, 691
1638187934, 0, 37, 213, 175, 0, 20.18%, 0, 5, 5, 65.36, 263753, 691
1638187939, 0, 37, 213, 175, 0, 20.18%, 0, 5, 5, 28.78, 263838, 691
1638187945, 0, 166, 213, 175, 0, 20.18%, 0, 5, 5, 54.55, 264153, 691
1638187950, 0, 166, 213, 175, 0, 20.18%, 0, 5, 5, 58.26, 264450, 691
1638187955, 0, 166, 213, 175, 0, 20.18%, 0, 5, 5, 60.40, 264767, 691
1638187960, 0, 166, 213, 175, 0, 20.18%, 0, 5, 5, 63.58, 265100, 691
1638187965, 0, 166, 213, 175, 0, 20.18%, 0, 5, 5, 65.56, 265433, 691
1638187970, 0, 166, 213, 175, 0, 20.18%, 0, 5, 5, 64.87, 265770, 691
1638187975, 0, 166, 213, 175, 0, 20.18%, 0, 5, 5, 64.15, 266103, 691
1638187980, 0, 166, 213, 175, 0, 20.18%, 0, 5, 5, 62.51, 266424, 691
1638187986, 0, 166, 213, 175, 0, 20.18%, 0, 5, 5, 62.96, 266746, 691
1638187991, 0, 166, 213, 175, 0, 20.18%, 0, 5, 5, 63.57, 267071, 691
1638187996, 0, 166, 213, 175, 0, 20.18%, 0, 5, 5, 63.87, 267403, 691
1638188001, 0, 166, 213, 175, 0, 20.18%, 0, 5, 5, 62.85, 267730, 691
1638188006, 0, 166, 213, 175, 0, 20.18%, 0, 5, 5, 61.84, 268047, 691
1638188011, 0, 166, 213, 175, 0, 20.18%, 0, 5, 5, 26.90, 268134, 691
1638188016, 0, 153, 213, 174, 0, 20.18%, 0, 5, 5, 58.93, 268454, 691
1638188021, 0, 153, 213, 174, 0, 20.18%, 0, 5, 5, 68.26, 268808, 691
1638188027, 0, 153, 213, 174, 0, 20.18%, 0, 5, 5, 70.33, 269175, 691
1638188032, 0, 153, 213, 174, 0, 20.18%, 0, 5, 5, 70.84, 269540, 691
1638188037, 0, 153, 213, 174, 0, 20.18%, 0, 5, 5, 72.25, 269913, 691
1638188042, 0, 153, 213, 174, 0, 20.18%, 0, 5, 5, 71.28, 270279, 691
1638188047, 0, 153, 213, 174, 0, 20.18%, 0, 5, 5, 68.57, 270627, 691
1638188052, 0, 153, 213, 174, 0, 20.18%, 0, 5, 5, 68.16, 270979, 691
1638188057, 0, 153, 213, 174, 0, 20.18%, 0, 5, 5, 67.56, 271328, 691
1638188063, 0, 153, 213, 174, 0, 20.18%, 0, 5, 5, 67.40, 271677, 691
1638188068, 0, 153, 213, 174, 0, 20.18%, 0, 5, 5, 67.76, 272029, 691
1638188073, 0, 153, 213, 174, 0, 20.18%, 0, 5, 5, 63.15, 272351, 691
1638188078, 0, 153, 213, 174, 0, 20.18%, 0, 5, 5, 27.32, 272435, 691
1638188083, 0, 168, 213, 174, 0, 20.18%, 0, 5, 5, 46.68, 272688, 691
1638188088, 0, 168, 213, 174, 0, 20.18%, 0, 5, 5, 53.16, 272966, 691
1638188093, 0, 168, 213, 174, 0, 20.18%, 0, 5, 5, 52.82, 273237, 691
1638188098, 0, 168, 213, 174, 0, 20.18%, 0, 5, 5, 56.76, 273528, 691
1638188104, 0, 168, 213, 174, 0, 20.18%, 0, 5, 5, 57.54, 273828, 691
1638188109, 0, 168, 213, 174, 0, 20.18%, 0, 5, 5, 57.97, 274129, 691
1638188114, 0, 168, 213, 174, 0, 20.18%, 0, 5, 5, 58.89, 274432, 691
1638188119, 0, 168, 213, 174, 0, 20.18%, 0, 5, 5, 56.34, 274716, 691
1638188124, 0, 168, 213, 174, 0, 20.18%, 0, 5, 5, 55.55, 274993, 691
1638188129, 0, 168, 213, 174, 0, 20.18%, 0, 5, 5, 56.14, 275274, 691
1638188134, 0, 168, 213, 174, 0, 20.18%, 0, 5, 5, 54.18, 275544, 691
1638188139, 0, 168, 213, 174, 0, 20.18%, 0, 5, 5, 57.77, 275847, 691
1638188144, 0, 168, 213, 174, 0, 20.18%, 0, 5, 5, 58.26, 276145, 691
1638188149, 0, 168, 213, 174, 0, 20.18%, 0, 5, 5, 59.24, 276450, 691
1638188155, 0, 168, 213, 174, 0, 20.18%, 0, 5, 5, 43.30, 276682, 691
1638188160, 0, 32, 213, 173, 0, 20.18%, 0, 5, 5, 35.24, 276809, 691
1638188165, 0, 32, 213, 173, 0, 20.18%, 0, 5, 5, 63.83, 277176, 691
1638188170, 0, 32, 213, 173, 0, 20.18%, 0, 5, 5, 69.34, 277547, 691
1638188175, 0, 32, 213, 173, 0, 20.18%, 0, 5, 5, 70.15, 277909, 691
1638188180, 0, 32, 213, 173, 0, 20.18%, 0, 5, 5, 71.59, 278279, 691
1638188186, 0, 32, 213, 173, 0, 20.18%, 0, 5, 5, 71.17, 278648, 691
1638188191, 0, 32, 213, 173, 0, 20.18%, 0, 5, 5, 70.89, 279002, 691
1638188196, 0, 32, 213, 173, 0, 20.18%, 0, 5, 5, 70.83, 279363, 691
1638188201, 0, 32, 213, 173, 0, 20.18%, 0, 5, 5, 71.67, 279722, 691
1638188206, 0, 32, 213, 173, 0, 20.18%, 0, 5, 5, 70.73, 280088, 691
1638188211, 0, 32, 213, 173, 0, 20.18%, 0, 5, 5, 71.15, 280457, 691
1638188216, 0, 32, 213, 173, 0, 20.18%, 0, 5, 5, 71.32, 280826, 691
1638188221, 0, 32, 213, 173, 0, 20.18%, 0, 5, 5, 37.85, 281005, 691
1638188227, 0, 15, 213, 172, 0, 20.18%, 0, 5, 5, 50.40, 281222, 691
1638188232, 0, 15, 213, 172, 0, 20.18%, 0, 5, 5, 66.89, 281590, 691
1638188237, 0, 15, 213, 172, 0, 20.18%, 0, 5, 5, 70.09, 281960, 691
1638188242, 0, 15, 213, 172, 0, 20.18%, 0, 5, 5, 71.36, 282331, 691
1638188247, 0, 15, 213, 172, 0, 20.18%, 0, 5, 5, 71.43, 282699, 691
1638188252, 0, 15, 213, 172, 0, 20.18%, 0, 5, 5, 71.14, 283070, 691
1638188258, 0, 15, 213, 172, 0, 20.18%, 0, 5, 5, 71.37, 283439, 691
1638188263, 0, 15, 213, 172, 0, 20.18%, 0, 5, 5, 70.83, 283808, 691
1638188268, 0, 15, 213, 172, 0, 20.18%, 0, 5, 5, 71.36, 284166, 691
1638188273, 0, 15, 213, 172, 0, 20.18%, 0, 5, 5, 70.83, 284530, 691
1638188278, 0, 15, 213, 172, 0, 20.18%, 0, 5, 5, 71.00, 284900, 691
1638188283, 0, 15, 213, 172, 0, 20.18%, 0, 5, 5, 32.23, 285029, 691
1638188288, 0, 25, 213, 171, 0, 20.18%, 0, 5, 5, 57.11, 285314, 691
1638188294, 0, 25, 213, 171, 0, 20.18%, 0, 5, 5, 68.28, 285684, 691
1638188299, 0, 25, 213, 171, 0, 20.18%, 0, 5, 5, 70.76, 286055, 691
1638188304, 0, 25, 213, 171, 0, 20.18%, 0, 5, 5, 72.35, 286430, 691
1638188309, 0, 25, 213, 171, 0, 20.18%, 0, 5, 5, 71.11, 286796, 691
1638188314, 0, 25, 213, 171, 0, 20.18%, 0, 5, 5, 71.91, 287157, 691
1638188319, 0, 25, 213, 171, 0, 20.18%, 0, 5, 5, 70.77, 287522, 691
1638188325, 0, 25, 213, 171, 0, 20.18%, 0, 5, 5, 69.90, 287884, 691
1638188330, 0, 25, 213, 171, 0, 20.18%, 0, 5, 5, 70.85, 288254, 691
1638188335, 0, 25, 213, 171, 0, 20.18%, 0, 5, 5, 70.06, 288614, 691
1638188340, 0, 25, 213, 171, 0, 20.18%, 0, 5, 5, 72.21, 288984, 691
1638188345, 0, 25, 213, 171, 0, 20.18%, 0, 5, 5, 55.31, 289278, 691
1638188350, 0, 182, 213, 171, 0, 20.18%, 0, 5, 5, 26.55, 289364, 691
1638188355, 0, 182, 213, 171, 0, 20.18%, 0, 5, 5, 42.09, 289596, 691
1638188360, 0, 182, 213, 171, 0, 20.18%, 0, 5, 5, 40.97, 289805, 691
1638188365, 0, 182, 213, 171, 0, 20.18%, 0, 5, 5, 43.62, 290033, 691
1638188371, 0, 182, 213, 171, 0, 20.18%, 0, 5, 5, 44.69, 290260, 691
1638188376, 0, 182, 213, 171, 0, 20.18%, 0, 5, 5, 49.53, 290516, 691
1638188381, 0, 182, 213, 171, 0, 20.18%, 0, 5, 5, 51.31, 290784, 691
1638188386, 0, 182, 213, 171, 0, 20.18%, 0, 5, 5, 49.81, 291033, 691
1638188391, 0, 182, 213, 171, 0, 20.18%, 0, 5, 5, 52.05, 291305, 691
1638188396, 0, 182, 213, 171, 0, 20.18%, 0, 5, 5, 50.22, 291556, 691
1638188401, 0, 182, 213, 171, 0, 20.18%, 0, 5, 5, 46.03, 291783, 691
1638188406, 0, 182, 213, 171, 0, 20.18%, 0, 5, 5, 48.40, 292037, 691
1638188411, 0, 182, 213, 171, 0, 20.18%, 0, 5, 5, 48.07, 292276, 691
1638188416, 0, 182, 213, 171, 0, 20.18%, 0, 5, 5, 46.76, 292515, 691
1638188421, 0, 182, 213, 171, 0, 20.18%, 0, 5, 5, 50.72, 292772, 691
1638188426, 0, 182, 213, 171, 0, 20.18%, 0, 5, 5, 50.52, 293030, 691
1638188432, 0, 182, 213, 171, 0, 20.18%, 0, 5, 5, 51.41, 293292, 691
1638188437, 0, 182, 213, 171, 0, 20.18%, 0, 5, 5, 51.07, 293548, 691
1638188442, 0, 182, 213, 171, 0, 20.18%, 0, 5, 5, 24.37, 293634, 691
1638188447, 0, 140, 214, 172, 0, 20.18%, 0, 5, 5, 56.42, 293939, 691
1638188452, 0, 140, 214, 172, 0, 20.18%, 0, 5, 5, 65.98, 294289, 691
1638188457, 0, 140, 214, 172, 0, 20.18%, 0, 5, 5, 68.43, 294647, 691
1638188462, 0, 140, 214, 172, 0, 20.18%, 0, 5, 5, 70.63, 295010, 691
1638188467, 0, 140, 214, 172, 0, 20.18%, 0, 5, 5, 71.20, 295379, 691
1638188473, 0, 140, 214, 172, 0, 20.18%, 0, 5, 5, 71.72, 295751, 691
1638188478, 0, 140, 214, 172, 0, 20.18%, 0, 5, 5, 69.72, 296111, 691
1638188483, 0, 140, 214, 172, 0, 20.18%, 0, 5, 5, 70.54, 296466, 691
1638188488, 0, 140, 214, 172, 0, 20.18%, 0, 5, 5, 69.53, 296822, 691
1638188493, 0, 140, 214, 172, 0, 20.18%, 0, 5, 5, 68.82, 297182, 691
1638188498, 0, 140, 214, 172, 0, 20.18%, 0, 5, 5, 69.06, 297538, 691
1638188503, 0, 140, 214, 172, 0, 20.18%, 0, 5, 5, 64.33, 297865, 691
1638188508, 0, 59, 214, 171, 0, 20.18%, 0, 5, 5, 31.49, 297966, 691
1638188514, 0, 59, 214, 171, 0, 20.18%, 0, 5, 5, 66.31, 298349, 691
1638188519, 0, 59, 214, 171, 0, 20.18%, 0, 5, 5, 73.77, 298742, 691
1638188524, 0, 59, 214, 171, 0, 20.18%, 0, 5, 5, 75.34, 299132, 691
1638188529, 0, 59, 214, 171, 0, 20.18%, 0, 5, 5, 73.99, 299516, 691
1638188534, 0, 59, 214, 171, 0, 20.18%, 0, 5, 5, 75.22, 299907, 691
1638188539, 0, 59, 214, 171, 0, 20.18%, 0, 5, 5, 75.03, 300296, 691
1638188545, 0, 59, 215, 172, 0, 20.18%, 0, 5, 5, 40.67, 300474, 691
1638188550, 0, 59, 215, 172, 0, 20.18%, 0, 5, 5, 57.54, 300736, 691
1638188555, 0, 59, 215, 172, 0, 20.18%, 0, 5, 5, 71.93, 301126, 691
1638188560, 0, 59, 215, 172, 0, 20.18%, 0, 5, 5, 75.08, 301517, 691
1638188565, 0, 59, 215, 172, 0, 20.18%, 0, 5, 5, 74.61, 301905, 691
1638188571, 0, 59, 215, 172, 0, 20.18%, 0, 5, 5, 75.67, 302299, 691
1638188576, 0, 59, 215, 172, 0, 20.18%, 0, 5, 5, 74.94, 302687, 691
1638188581, 0, 59, 215, 172, 0, 20.18%, 0, 5, 5, 54.59, 302984, 691
1638188586, 0, 44, 215, 172, 0, 20.18%, 0, 6, 5, 26.33, 303069, 691
1638188591, 0, 44, 215, 172, 0, 20.18%, 0, 6, 5, 65.65, 303462, 691
1638188596, 0, 44, 215, 172, 0, 20.18%, 0, 6, 5, 73.74, 303849, 691
1638188601, 0, 44, 215, 172, 0, 20.18%, 0, 6, 5, 74.96, 304241, 691
1638188607, 0, 44, 215, 172, 0, 20.18%, 0, 6, 5, 75.69, 304634, 691
1638188612, 0, 44, 215, 172, 0, 20.18%, 0, 6, 5, 74.83, 305022, 691
1638188617, 0, 44, 215, 172, 0, 20.18%, 0, 6, 5, 75.58, 305416, 691
1638188622, 0, 44, 215, 172, 0, 20.18%, 0, 6, 5, 65.46, 305770, 691
1638188627, 0, 57, 215, 172, 0, 20.18%, 0, 6, 5, 35.03, 305877, 691
1638188632, 0, 57, 215, 172, 0, 20.18%, 0, 6, 5, 67.64, 306266, 691
1638188638, 0, 57, 215, 172, 0, 20.18%, 0, 6, 5, 73.54, 306657, 691
1638188643, 0, 57, 215, 172, 0, 20.18%, 0, 6, 5, 66.74, 307002, 691
1638188648, 0, 188, 215, 172, 0, 20.18%, 0, 6, 5, 30.51, 307093, 691
1638188653, 0, 188, 215, 172, 0, 20.18%, 0, 6, 5, 40.08, 307305, 691
1638188658, 0, 188, 215, 172, 0, 20.18%, 0, 6, 5, 41.45, 307517, 691
1638188663, 0, 188, 215, 172, 0, 20.18%, 0, 6, 5, 42.85, 307741, 691
1638188668, 0, 188, 215, 172, 0, 20.18%, 0, 6, 5, 41.55, 307947, 691
1638188673, 0, 188, 215, 172, 0, 20.18%, 0, 6, 5, 47.80, 308184, 691
1638188678, 0, 188, 215, 172, 0, 20.18%, 0, 6, 5, 50.59, 308443, 691
1638188683, 0, 188, 215, 172, 0, 20.18%, 0, 6, 5, 51.48, 308705, 691
1638188688, 0, 188, 215, 172, 0, 20.18%, 0, 6, 5, 51.36, 308963, 691
1638188693, 0, 188, 215, 172, 0, 20.18%, 0, 6, 5, 49.98, 309218, 691
1638188698, 0, 188, 215, 172, 0, 20.18%, 0, 6, 5, 44.28, 309429, 691
1638188703, 0, 188, 215, 172, 0, 20.18%, 0, 6, 5, 44.37, 309654, 691
1638188708, 0, 188, 215, 172, 0, 20.18%, 0, 6, 5, 43.14, 309864, 691
1638188714, 0, 188, 215, 172, 0, 20.18%, 0, 6, 5, 42.92, 310087, 691
1638188719, 0, 188, 215, 172, 0, 20.18%, 0, 6, 5, 42.29, 310295, 691
1638188724, 0, 188, 215, 172, 0, 20.18%, 0, 6, 5, 42.66, 310510, 691
1638188729, 0, 188, 215, 172, 0, 20.18%, 0, 6, 5, 42.01, 310732, 691
1638188734, 0, 188, 215, 172, 0, 20.18%, 0, 6, 5, 40.99, 310927, 691
1638188739, 0, 188, 215, 172, 0, 20.18%, 0, 6, 5, 43.40, 311149, 691
1638188744, 0, 188, 215, 172, 0, 20.18%, 0, 6, 5, 32.93, 311326, 691
1638188749, 0, 175, 215, 172, 0, 20.18%, 0, 6, 5, 30.58, 311449, 691
1638188754, 0, 175, 215, 172, 0, 20.18%, 0, 6, 5, 50.93, 311732, 691
1638188759, 0, 175, 215, 172, 0, 20.18%, 0, 6, 5, 55.15, 312018, 691
1638188765, 0, 175, 215, 172, 0, 20.18%, 0, 6, 5, 56.24, 312300, 691
1638188770, 0, 175, 215, 172, 0, 20.18%, 0, 6, 5, 58.20, 312601, 691
1638188775, 0, 175, 215, 172, 0, 20.18%, 0, 6, 5, 60.73, 312919, 691
1638188780, 0, 175, 215, 172, 0, 20.18%, 0, 6, 5, 60.02, 313231, 691
1638188785, 0, 175, 215, 172, 0, 20.18%, 0, 6, 5, 60.07, 313538, 691
1638188790, 0, 175, 215, 172, 0, 20.18%, 0, 6, 5, 55.58, 313820, 691
1638188795, 0, 175, 215, 172, 0, 20.18%, 0, 6, 5, 55.55, 314102, 691
1638188800, 0, 175, 215, 172, 0, 20.18%, 0, 6, 5, 55.14, 314378, 691
1638188805, 0, 175, 215, 172, 0, 20.18%, 0, 6, 5, 54.77, 314653, 691
1638188811, 0, 175, 215, 172, 0, 20.18%, 0, 6, 5, 54.97, 314938, 691
1638188816, 0, 175, 215, 172, 0, 20.18%, 0, 6, 5, 54.50, 315212, 691
1638188821, 0, 175, 215, 172, 0, 20.18%, 0, 6, 5, 54.99, 315492, 691
1638188826, 0, 175, 215, 172, 0, 20.18%, 0, 6, 5, 32.42, 315644, 691
1638188831, 0, 59, 215, 172, 0, 20.18%, 0, 6, 5, 50.09, 315861, 691
1638188836, 0, 59, 215, 172, 0, 20.18%, 0, 6, 5, 71.27, 316255, 691
1638188841, 0, 59, 215, 172, 0, 20.18%, 0, 6, 5, 75.20, 316649, 691
1638188846, 0, 59, 215, 172, 0, 20.18%, 0, 6, 5, 76.42, 317045, 691
1638188852, 0, 59, 215, 172, 0, 20.18%, 0, 6, 5, 75.13, 317433, 691
1638188857, 0, 59, 215, 172, 0, 20.18%, 0, 6, 5, 75.99, 317826, 691
1638188862, 0, 59, 215, 172, 0, 20.18%, 0, 6, 5, 60.78, 318159, 691
1638188867, 0, 114, 215, 172, 0, 20.18%, 0, 6, 5, 32.95, 318269, 691
1638188872, 0, 114, 215, 172, 0, 20.18%, 0, 6, 5, 42.18, 318493, 691
1638188877, 0, 114, 215, 172, 0, 20.18%, 0, 6, 5, 43.57, 318719, 691
1638188882, 0, 114, 215, 172, 0, 20.18%, 0, 6, 5, 45.04, 318951, 691
1638188888, 0, 114, 215, 172, 0, 20.18%, 0, 6, 5, 42.31, 319163, 691
1638188893, 0, 114, 215, 172, 0, 20.18%, 0, 6, 5, 51.63, 319431, 691
1638188898, 0, 114, 215, 172, 0, 20.18%, 0, 6, 5, 52.12, 319697, 691
1638188903, 0, 114, 215, 172, 0, 20.18%, 0, 6, 5, 49.17, 319945, 691
1638188908, 0, 114, 215, 172, 0, 20.18%, 0, 6, 5, 51.64, 320212, 691
1638188913, 0, 114, 215, 172, 0, 20.18%, 0, 6, 5, 48.25, 320460, 691
1638188918, 0, 114, 215, 172, 0, 20.18%, 0, 6, 5, 46.98, 320697, 691
1638188923, 0, 114, 215, 172, 0, 20.18%, 0, 6, 5, 46.93, 320930, 691
1638188928, 0, 114, 215, 172, 0, 20.18%, 0, 6, 5, 46.45, 321165, 691
1638188933, 0, 114, 215, 172, 0, 20.18%, 0, 6, 5, 48.94, 321410, 691
1638188939, 0, 114, 215, 172, 0, 20.18%, 0, 6, 5, 49.97, 321673, 691
1638188944, 0, 114, 215, 172, 0, 20.18%, 0, 6, 5, 50.93, 321936, 691
1638188949, 0, 114, 215, 172, 0, 20.18%, 0, 6, 5, 50.11, 322192, 691
1638188954, 0, 114, 215, 172, 0, 20.18%, 0, 6, 5, 48.09, 322442, 691
1638188959, 0, 114, 215, 172, 0, 20.18%, 0, 6, 5, 22.65, 322519, 691
1638188964, 0, 46, 215, 172, 0, 20.18%, 0, 6, 5, 64.01, 322877, 691
1638188969, 0, 46, 215, 172, 0, 20.18%, 0, 6, 5, 74.31, 323271, 691
1638188974, 0, 46, 215, 172, 0, 20.18%, 0, 6, 5, 77.25, 323671, 691
1638188980, 0, 46, 215, 172, 0, 20.18%, 0, 6, 5, 76.70, 324066, 691
1638188985, 0, 46, 215, 172, 0, 20.18%, 0, 6, 5, 76.30, 324463, 691
1638188990, 0, 46, 215, 172, 0, 20.18%, 0, 6, 5, 75.20, 324854, 691
1638188995, 0, 46, 215, 172, 0, 20.18%, 0, 6, 5, 72.65, 325226, 691
1638189000, 0, 46, 215, 172, 0, 20.18%, 0, 6, 5, 30.49, 325319, 691
1638189005, 0, 195, 215, 172, 0, 20.18%, 0, 6, 5, 38.49, 325516, 691
1638189010, 0, 195, 215, 172, 0, 20.18%, 0, 6, 5, 40.95, 325725, 691
1638189015, 0, 195, 215, 172, 0, 20.18%, 0, 6, 5, 40.87, 325930, 691
1638189021, 0, 195, 215, 172, 0, 20.18%, 0, 6, 5, 41.23, 326141, 691
1638189026, 0, 195, 215, 172, 0, 20.18%, 0, 6, 5, 45.14, 326364, 691
1638189031, 0, 195, 215, 172, 0, 20.18%, 0, 6, 5, 49.09, 326627, 691
1638189036, 0, 195, 215, 172, 0, 20.18%, 0, 6, 5, 48.60, 326872, 691
1638189041, 0, 195, 215, 172, 0, 20.18%, 0, 6, 5, 49.46, 327128, 691
1638189046, 0, 195, 215, 172, 0, 20.18%, 0, 6, 5, 50.30, 327379, 691
1638189051, 0, 195, 215, 172, 0, 20.18%, 0, 6, 5, 44.10, 327601, 691
1638189056, 0, 195, 215, 172, 0, 20.18%, 0, 6, 5, 42.61, 327813, 691
1638189061, 0, 195, 215, 172, 0, 20.18%, 0, 6, 5, 42.12, 328025, 691
1638189066, 0, 195, 215, 172, 0, 20.18%, 0, 6, 5, 41.92, 328232, 691
1638189071, 0, 195, 215, 172, 0, 20.18%, 0, 6, 5, 43.82, 328456, 691
